mos_patch_1,name_patch,width_patch_1,height_patch_1,top_patch_1,left_patch_1,bottom_patch_1,right_patch_1,mos_patch_2,width_patch_2,height_patch_2,top_patch_2,left_patch_2,bottom_patch_2,right_patch_2,mos_patch_3,width_patch_3,height_patch_3,top_patch_3,left_patch_3,bottom_patch_3,right_patch_3,mos_image,name_image,width_image,height_image,top_image,left_image,bottom_image,right_image
79.47386983,patches/EMOTIC__cwpvmtkuw83q2or3za.jpg,480,264,206,564,470,1044,70.63982665,360,198,302,15,500,375,58.62773644,240,132,458,377,590,617,59.64871868,voc_emotic_ava/EMOTIC__cwpvmtkuw83q2or3za.jpg,1200,660,0,0,660,1200
93.27615713,patches/EMOTIC__5jr2gfirt8cy0kasjr.jpg,409,273,328,351,601,760,78.51232431,307,204,119,467,323,774,65.00600263,204,136,318,744,454,948,76.4083403,voc_emotic_ava/EMOTIC__5jr2gfirt8cy0kasjr.jpg,1024,683,0,0,683,1024
77.13147567,patches/EMOTIC__0yp3ixisn6pvw3uoph.jpg,409,273,321,324,594,733,88.47867486,307,204,330,701,534,1008,43.80020157,204,136,259,63,395,267,73.41056818,voc_emotic_ava/EMOTIC__0yp3ixisn6pvw3uoph.jpg,1024,683,0,0,683,1024
89.85740697,patches/EMOTIC__d2pnk5htt4z4qsj476.jpg,409,273,373,486,646,895,64.56270891,307,204,158,406,362,713,72.61456426,204,136,307,265,443,469,73.02253558,voc_emotic_ava/EMOTIC__d2pnk5htt4z4qsj476.jpg,1024,683,0,0,683,1024
63.43688613,patches/EMOTIC__da113prfo1fjc3v0su.jpg,409,272,246,584,518,993,75.04069581,307,204,466,195,670,502,83.62386416,204,136,102,185,238,389,76.39629186,voc_emotic_ava/EMOTIC__da113prfo1fjc3v0su.jpg,1024,682,0,0,682,1024
84.59718327,patches/EMOTIC__g3ry3pkr1npzzhoetl.jpg,409,272,272,194,544,603,74.53300625,307,204,53,165,257,472,81.21235167,204,136,119,581,255,785,80.42858516,voc_emotic_ava/EMOTIC__g3ry3pkr1npzzhoetl.jpg,1024,681,0,0,681,1024
76.58950058,patches/EMOTIC__dntu40pr6jct6jk6jq.jpg,409,272,304,497,576,906,78.34613262,307,204,299,47,503,354,69.77237675,204,136,511,815,647,1019,68.5524099,voc_emotic_ava/EMOTIC__dntu40pr6jct6jk6jq.jpg,1024,681,0,0,681,1024
60.73101575,patches/motion0220.jpg,409,266,232,161,498,570,73.47649253,307,199,89,298,288,605,52.42930854,204,133,366,529,499,733,33.30810215,blur_dataset/motion0220.jpg,1024,665,0,0,665,1024
79.31797024,patches/EMOTIC__02lk53bcfgyk89o8fl.jpg,409,260,241,149,501,558,61.1169447,307,195,204,687,399,994,71.71045386,204,130,307,538,437,742,73.33701969,voc_emotic_ava/EMOTIC__02lk53bcfgyk89o8fl.jpg,1024,652,0,0,652,1024
84.1924046,patches/EMOTIC__5tvh05h3kvs7u0kdwr.jpg,400,266,157,221,423,621,57.15406907,300,200,337,591,537,891,52.0077759,200,133,54,473,187,673,74.30273596,voc_emotic_ava/EMOTIC__5tvh05h3kvs7u0kdwr.jpg,1000,667,0,0,667,1000
82.33095527,patches/EMOTIC__h6mrzcotjb74dlqb9e.jpg,400,266,129,406,395,806,76.55196882,300,200,336,676,536,976,58.76779196,200,133,374,56,507,256,82.19524704,voc_emotic_ava/EMOTIC__h6mrzcotjb74dlqb9e.jpg,1000,667,0,0,667,1000
75.76557375,patches/EMOTIC__fgvkha55e23s1zwvwv.jpg,400,266,109,415,375,815,69.24324034,300,200,266,77,466,377,55.86045694,200,133,20,163,153,363,69.48895893,voc_emotic_ava/EMOTIC__fgvkha55e23s1zwvwv.jpg,1000,667,0,0,667,1000
76.72190795,patches/EMOTIC__dnz8r16rduh2vxoigq.jpg,400,266,242,418,508,818,74.14854208,300,200,75,673,275,973,71.9491821,200,133,320,773,453,973,73.49201996,voc_emotic_ava/EMOTIC__dnz8r16rduh2vxoigq.jpg,1000,667,0,0,667,1000
78.18883648,patches/EMOTIC__1qi7lh7wbp8f7owcp3.jpg,396,264,112,287,376,683,71.15674163,297,198,432,127,630,424,67.18792955,198,132,496,425,628,623,77.83681115,voc_emotic_ava/EMOTIC__1qi7lh7wbp8f7owcp3.jpg,990,660,0,0,660,990
80.84810488,patches/EMOTIC__ejobu0tpihrjoe859u.jpg,385,262,340,205,602,590,61.45845491,289,197,73,478,270,767,60.32811382,192,131,500,575,631,767,68.39735957,voc_emotic_ava/EMOTIC__ejobu0tpihrjoe859u.jpg,964,657,0,0,657,964
71.55450458,patches/EMOTIC__0i3jqdv8eeuil54nw4.jpg,384,256,241,165,497,549,80.36531474,288,192,65,423,257,711,67.96230928,192,128,364,510,492,702,69.86438183,voc_emotic_ava/EMOTIC__0i3jqdv8eeuil54nw4.jpg,962,641,0,0,641,962
76.59792403,patches/EMOTIC__bgrjpkhmkf772u297t.jpg,384,256,128,167,384,551,70.57329272,288,192,362,10,554,298,67.29322793,192,128,13,319,141,511,74.52007609,voc_emotic_ava/EMOTIC__bgrjpkhmkf772u297t.jpg,960,640,0,0,640,960
77.68963195,patches/EMOTIC__5qvzm6ynzzmalpmepb.jpg,384,256,371,299,627,683,82.3637866,288,192,275,69,467,357,55.91094441,192,128,75,229,203,421,69.81160978,voc_emotic_ava/EMOTIC__5qvzm6ynzzmalpmepb.jpg,960,640,0,0,640,960
79.09390313,patches/EMOTIC__fad0lq0rhuwwxv3l2x.jpg,384,256,21,390,277,774,66.78366169,288,192,441,629,633,917,63.67172699,192,128,492,58,620,250,66.04461784,voc_emotic_ava/EMOTIC__fad0lq0rhuwwxv3l2x.jpg,960,640,0,0,640,960
83.55532376,patches/EMOTIC__1t6pchzx451rnrurp0.jpg,384,255,361,503,616,887,52.38952459,288,191,41,552,232,840,76.10502951,192,127,368,252,495,444,75.09072955,voc_emotic_ava/EMOTIC__1t6pchzx451rnrurp0.jpg,960,639,0,0,639,960
85.74458265,patches/EMOTIC__bkujn7hoksf0txl9on.jpg,389,250,336,147,586,536,88.02655191,292,187,154,280,341,572,74.96555391,194,125,52,466,177,660,77.225727,voc_emotic_ava/EMOTIC__bkujn7hoksf0txl9on.jpg,974,625,0,0,625,974
63.19342194,patches/EMOTIC__gys98nlu9hsyek632k.jpg,392,246,320,529,566,921,76.39313699,294,184,270,75,454,369,76.48517933,196,123,207,631,330,827,67.89658876,voc_emotic_ava/EMOTIC__gys98nlu9hsyek632k.jpg,980,615,0,0,615,980
80.71274483,patches/out_of_focus0704.jpg,380,253,204,228,457,608,70.30586546,285,189,49,648,238,933,69.160303,190,126,430,654,556,844,76.39338878,blur_dataset/out_of_focus0704.jpg,950,633,0,0,633,950
62.5783538,patches/EMOTIC__527h15tedos6bpmzb5.jpg,380,248,348,60,596,440,75.87914132,285,186,265,496,451,781,67.1477439,190,124,7,600,131,790,64.09735699,voc_emotic_ava/EMOTIC__527h15tedos6bpmzb5.jpg,950,622,0,0,622,950
78.38846893,patches/EMOTIC__7kv5tjzvqdlzx7ifup.jpg,409,230,294,6,524,415,84.26823016,307,173,137,403,310,710,73.76600645,204,115,30,581,145,785,74.46917237,voc_emotic_ava/EMOTIC__7kv5tjzvqdlzx7ifup.jpg,1024,577,0,0,577,1024
71.19767964,patches/EMOTIC__3odsixrebs674bsf6h.jpg,409,230,167,532,397,941,60.08247804,307,172,377,291,549,598,64.48442462,204,115,292,80,407,284,65.79295508,voc_emotic_ava/EMOTIC__3odsixrebs674bsf6h.jpg,1024,576,0,0,576,1024
73.62280686,patches/EMOTIC__4kwdsaytoyc0dnimy3.jpg,368,254,246,352,500,720,79.21288291,276,191,367,32,558,308,74.58318655,184,127,161,624,288,808,80.55003598,voc_emotic_ava/EMOTIC__4kwdsaytoyc0dnimy3.jpg,920,637,0,0,637,920
78.30392082,patches/AVA__927384.jpg,320,280,241,58,521,378,74.49783016,240,210,223,492,433,732,65.171052,160,140,89,148,229,308,58.07374186,voc_emotic_ava/AVA__927384.jpg,800,700,0,0,700,800
76.13656671,patches/AVA__894521.jpg,320,280,120,57,400,377,80.44799584,240,210,7,517,217,757,64.499666,160,140,327,510,467,670,68.30880835,voc_emotic_ava/AVA__894521.jpg,800,700,0,0,700,800
70.68208596,patches/AVA__892446.jpg,320,280,45,13,325,333,78.25058305,240,210,138,512,348,752,80.69718234,160,140,456,412,596,572,75.7016779,voc_emotic_ava/AVA__892446.jpg,800,700,0,0,700,800
62.56247493,patches/AVA__859782.jpg,320,280,349,397,629,717,38.96885517,240,210,104,391,314,631,49.61261299,160,140,251,165,391,325,41.92634649,voc_emotic_ava/AVA__859782.jpg,800,700,0,0,700,800
77.88213916,patches/AVA__926652.jpg,320,280,143,411,423,731,80.34592205,240,210,338,193,548,433,73.18456728,160,140,23,71,163,231,68.89788609,voc_emotic_ava/AVA__926652.jpg,800,700,0,0,700,800
73.45973953,patches/AVA__942315.jpg,320,278,328,334,606,654,60.97703497,240,209,164,176,373,416,69.29316957,160,139,213,530,352,690,76.38922091,voc_emotic_ava/AVA__942315.jpg,800,697,0,0,697,800
81.85212718,patches/AVA__902484.jpg,320,277,390,305,667,625,76.09081462,240,208,280,101,488,341,66.0016227,160,138,506,87,644,247,64.38993394,voc_emotic_ava/AVA__902484.jpg,800,694,0,0,694,800
76.27629302,patches/AVA__916944.jpg,320,277,0,217,277,537,74.79084443,240,208,41,1,249,241,72.89196716,160,138,374,252,512,412,80.94866991,voc_emotic_ava/AVA__916944.jpg,800,694,0,0,694,800
76.67336916,patches/AVA__938088.jpg,320,277,357,460,634,780,71.57696123,240,207,55,27,262,267,79.78690187,160,138,392,178,530,338,68.67161825,voc_emotic_ava/AVA__938088.jpg,800,693,0,0,693,800
80.66571594,patches/AVA__858212.jpg,320,276,217,88,493,408,77.42557855,240,207,3,318,210,558,71.92392153,160,138,398,513,536,673,71.25338601,voc_emotic_ava/AVA__858212.jpg,800,691,0,0,691,800
75.68789367,patches/AVA__889694.jpg,320,274,388,259,662,579,76.11942759,240,205,83,473,288,713,76.86903741,160,137,47,206,184,366,75.18569629,voc_emotic_ava/AVA__889694.jpg,800,685,0,0,685,800
53.45149372,patches/AVA__939232.jpg,320,274,384,350,658,670,36.27020468,240,205,214,486,419,726,71.49705102,160,137,143,90,280,250,52.82452336,voc_emotic_ava/AVA__939232.jpg,800,685,0,0,685,800
61.8445765,patches/EMOTIC__bemihs6wujki8xpw7n.jpg,365,240,219,294,459,659,63.7758012,273,180,272,631,452,904,64.86845636,182,120,167,635,287,817,59.9862391,voc_emotic_ava/EMOTIC__bemihs6wujki8xpw7n.jpg,913,600,0,0,600,913
71.27833644,patches/AVA__849945.jpg,320,272,398,202,670,522,78.4884511,240,204,267,471,471,711,75.55924295,160,136,201,142,337,302,65.7142079,voc_emotic_ava/AVA__849945.jpg,800,681,0,0,681,800
70.04997473,patches/AVA__835727.jpg,320,271,327,293,598,613,69.82618499,240,203,27,195,230,435,69.14009468,160,135,193,50,328,210,72.73690777,voc_emotic_ava/AVA__835727.jpg,800,679,0,0,679,800
75.87804182,patches/AVA__835817.jpg,320,270,334,342,604,662,68.96415696,240,203,457,106,660,346,68.02320292,160,135,198,45,333,205,72.40474931,voc_emotic_ava/AVA__835817.jpg,800,677,0,0,677,800
82.28585331,patches/AVA__922212.jpg,320,270,288,142,558,462,78.62565016,240,203,339,427,542,667,70.80253392,160,135,27,213,162,373,71.24506299,voc_emotic_ava/AVA__922212.jpg,800,677,0,0,677,800
71.25418986,patches/AVA__922734.jpg,320,270,344,476,614,796,83.88920304,240,202,431,100,633,340,70.46924714,160,135,529,357,664,517,79.28609073,voc_emotic_ava/AVA__922734.jpg,800,676,0,0,676,800
84.14245984,patches/AVA__919094.jpg,320,270,300,361,570,681,93.42146429,240,202,45,223,247,463,77.228767,160,135,428,87,563,247,78.77260179,voc_emotic_ava/AVA__919094.jpg,800,676,0,0,676,800
69.89408472,patches/AVA__915645.jpg,320,270,206,252,476,572,57.19701048,240,202,431,218,633,458,53.05850058,160,135,167,33,302,193,66.78790444,voc_emotic_ava/AVA__915645.jpg,800,676,0,0,676,800
68.69996601,patches/EMOTIC__agk1fsuutnjkp05my4.jpg,360,240,188,95,428,455,60.87603527,270,180,225,502,405,772,75.73998842,180,120,448,640,568,820,76.42338507,voc_emotic_ava/EMOTIC__agk1fsuutnjkp05my4.jpg,900,600,0,0,600,900
77.0463077,patches/EMOTIC__a3ujgmu078f13faqfe.jpg,360,240,26,422,266,782,65.49438179,270,180,258,340,438,610,73.58623202,180,120,381,640,501,820,75.51554606,voc_emotic_ava/EMOTIC__a3ujgmu078f13faqfe.jpg,900,600,0,0,600,900
93.00503629,patches/EMOTIC__b9o22lg3xan94y360s.jpg,384,224,331,103,555,487,76.33053686,288,168,92,53,260,341,63.00378312,192,112,225,751,337,943,77.46712718,voc_emotic_ava/EMOTIC__b9o22lg3xan94y360s.jpg,960,562,0,0,562,960
48.44433254,patches/AVA__925097.jpg,320,269,352,393,621,713,72.83072812,240,202,107,116,309,356,64.97801943,160,134,355,117,489,277,59.81749163,voc_emotic_ava/AVA__925097.jpg,800,674,0,0,674,800
78.55616597,patches/EMOTIC__hes60ppoggi8f2u4b8.jpg,360,239,134,473,373,833,75.1624236,270,179,195,175,374,445,66.1483021,180,119,388,564,507,744,82.48667127,voc_emotic_ava/EMOTIC__hes60ppoggi8f2u4b8.jpg,900,599,0,0,599,900
89.22440043,patches/AVA__942579.jpg,320,269,296,28,565,348,58.75676609,240,201,243,278,444,518,75.68074417,160,134,173,78,307,238,77.12977351,voc_emotic_ava/AVA__942579.jpg,800,673,0,0,673,800
83.42130322,patches/AVA__855550.jpg,320,269,176,435,445,755,72.89152123,240,201,173,41,374,281,67.40042895,160,134,0,554,134,714,73.18343251,voc_emotic_ava/AVA__855550.jpg,800,673,0,0,673,800
71.87775997,patches/AVA__870235.jpg,320,268,332,75,600,395,70.47131352,240,201,266,403,467,643,52.10423199,160,134,85,174,219,334,79.37827093,voc_emotic_ava/AVA__870235.jpg,800,672,0,0,672,800
79.16687423,patches/AVA__936946.jpg,320,268,97,319,365,639,77.34252602,240,201,320,186,521,426,76.24520603,160,134,210,76,344,236,75.24596189,voc_emotic_ava/AVA__936946.jpg,800,672,0,0,672,800
55.57566223,patches/AVA__950874.jpg,320,267,194,418,461,738,61.99133315,240,200,145,233,345,473,69.69840602,160,133,467,115,600,275,55.49647417,voc_emotic_ava/AVA__950874.jpg,800,669,0,0,669,800
76.81220851,patches/AVA__954575.jpg,320,266,79,416,345,736,59.82914811,240,200,364,382,564,622,77.67131173,160,133,57,209,190,369,69.5672649,voc_emotic_ava/AVA__954575.jpg,800,667,0,0,667,800
64.08107972,patches/AVA__857170.jpg,320,266,73,169,339,489,71.19183611,240,199,402,371,601,611,74.71486236,160,133,115,42,248,202,64.9185046,voc_emotic_ava/AVA__857170.jpg,800,665,0,0,665,800
86.51945194,patches/AVA__922388.jpg,320,266,100,150,366,470,55.29197582,240,199,410,334,609,574,58.90531371,160,133,370,586,503,746,72.23086625,voc_emotic_ava/AVA__922388.jpg,800,665,0,0,665,800
81.3495045,patches/AVA__904860.jpg,320,265,395,7,660,327,69.11775867,240,199,99,49,298,289,64.14649809,160,132,170,560,302,720,59.23243714,voc_emotic_ava/AVA__904860.jpg,800,664,0,0,664,800
73.81792727,patches/AVA__909181.jpg,320,265,69,138,334,458,51.26493275,240,198,391,281,589,521,69.96499318,160,132,331,158,463,318,73.74831292,voc_emotic_ava/AVA__909181.jpg,800,663,0,0,663,800
69.88207279,patches/AVA__916410.jpg,320,263,349,478,612,798,83.20273563,240,197,80,453,277,693,65.26906325,160,131,99,256,230,416,67.14489252,voc_emotic_ava/AVA__916410.jpg,800,659,0,0,659,800
88.58785335,patches/AVA__946355.jpg,320,262,3,144,265,464,79.93272286,240,197,102,419,299,659,60.22588533,160,131,322,86,453,246,78.90128235,voc_emotic_ava/AVA__946355.jpg,800,657,0,0,657,800
73.39926736,patches/EMOTIC__61wf7ail8gia5b8svz.jpg,409,204,184,517,388,926,77.09077618,307,153,92,273,245,580,73.14676694,204,102,3,394,105,598,76.48689683,voc_emotic_ava/EMOTIC__61wf7ail8gia5b8svz.jpg,1024,512,0,0,512,1024
83.21214253,patches/EMOTIC__6aoyt36dch10n3e3rj.jpg,409,204,235,112,439,521,75.08667555,307,153,38,604,191,911,75.45091882,204,102,179,532,281,736,77.3136402,voc_emotic_ava/EMOTIC__6aoyt36dch10n3e3rj.jpg,1024,512,0,0,512,1024
68.57217599,patches/EMOTIC__6ejedlt6qmhhzkbxxa.jpg,409,204,288,244,492,653,67.73715469,307,153,81,450,234,757,71.60419101,204,102,197,633,299,837,69.85104534,voc_emotic_ava/EMOTIC__6ejedlt6qmhhzkbxxa.jpg,1024,512,0,0,512,1024
74.63872636,patches/AVA__899620.jpg,320,262,257,464,519,784,74.02622144,240,196,359,142,555,382,65.34187366,160,131,1,104,132,264,71.72456971,voc_emotic_ava/AVA__899620.jpg,800,655,0,0,655,800
74.92102396,patches/AVA__940509.jpg,320,261,105,276,366,596,62.64427844,240,195,445,189,640,429,67.92744086,160,130,320,166,450,326,65.66630475,voc_emotic_ava/AVA__940509.jpg,800,653,0,0,653,800
84.61196272,patches/AVA__840688.jpg,320,260,185,1,445,321,52.39233897,240,195,427,364,622,604,76.39544833,160,130,65,223,195,383,79.53919501,voc_emotic_ava/AVA__840688.jpg,800,652,0,0,652,800
82.31560079,patches/AVA__954625.jpg,320,260,59,350,319,670,77.19013251,240,195,307,552,502,792,70.91540955,160,130,513,620,643,780,73.8978129,voc_emotic_ava/AVA__954625.jpg,800,651,0,0,651,800
76.6985823,patches/AVA__882788.jpg,320,260,361,270,621,590,56.61081494,240,195,67,304,262,544,72.04850194,160,130,64,548,194,708,77.85119352,voc_emotic_ava/AVA__882788.jpg,800,650,0,0,650,800
73.60128027,patches/AVA__918505.jpg,320,260,128,36,388,356,76.94588738,240,195,288,306,483,546,74.02327207,160,130,284,610,414,770,64.67399226,voc_emotic_ava/AVA__918505.jpg,800,650,0,0,650,800
81.86882109,patches/EMOTIC__0jwnk2qsc56mxys2ic.jpg,384,216,246,166,462,550,73.89674664,288,162,67,337,229,625,71.00569601,192,108,80,92,188,284,72.90625404,voc_emotic_ava/EMOTIC__0jwnk2qsc56mxys2ic.jpg,960,540,0,0,540,960
78.9117665,patches/EMOTIC__0nz4q07z6c7rq61a4s.jpg,384,216,236,93,452,477,61.46780794,288,162,130,595,292,883,52.2422279,192,108,33,49,141,241,65.4624454,voc_emotic_ava/EMOTIC__0nz4q07z6c7rq61a4s.jpg,960,540,0,0,540,960
84.11033187,patches/EMOTIC__0mlp5xkzg24eebnb8j.jpg,384,216,303,537,519,921,71.24325133,288,162,38,410,200,698,68.15182843,192,108,430,321,538,513,77.9703155,voc_emotic_ava/EMOTIC__0mlp5xkzg24eebnb8j.jpg,960,540,0,0,540,960
73.47377625,patches/AVA__853214.jpg,320,259,178,77,437,397,78.55456511,240,194,263,531,457,771,73.1027686,160,129,61,564,190,724,71.4394967,voc_emotic_ava/AVA__853214.jpg,800,648,0,0,648,800
72.06262808,patches/AVA__863994.jpg,300,276,256,420,532,720,77.18816592,225,207,204,121,411,346,69.11687713,150,138,384,148,522,298,76.86670198,voc_emotic_ava/AVA__863994.jpg,750,691,0,0,691,750
36.24145591,patches/AVA__885321.jpg,320,258,131,76,389,396,83.192698,240,194,351,524,545,764,47.01352405,160,129,56,6,185,166,76.92280596,voc_emotic_ava/AVA__885321.jpg,800,647,0,0,647,800
56.30058054,patches/AVA__951241.jpg,320,258,80,170,338,490,57.27791792,240,193,423,57,616,297,43.63156079,160,129,456,639,585,799,63.71361374,voc_emotic_ava/AVA__951241.jpg,800,646,0,0,646,800
75.44204242,patches/AVA__892275.jpg,320,258,318,464,576,784,58.0109751,240,193,3,14,196,254,47.1521859,160,129,69,293,198,453,68.43522809,voc_emotic_ava/AVA__892275.jpg,800,645,0,0,645,800
71.33201671,patches/AVA__883449.jpg,320,257,161,38,418,358,76.95494845,240,193,358,229,551,469,71.76874951,160,128,495,458,623,618,76.12772457,voc_emotic_ava/AVA__883449.jpg,800,644,0,0,644,800
71.35826344,patches/AVA__863985.jpg,320,257,114,12,371,332,74.97053133,240,192,14,397,206,637,74.06028098,160,128,430,490,558,650,65.19230873,voc_emotic_ava/AVA__863985.jpg,800,643,0,0,643,800
82.12956577,patches/AVA__940082.jpg,320,256,97,238,353,558,74.95773164,240,192,391,13,583,253,76.98921872,160,128,487,522,615,682,67.95734805,voc_emotic_ava/AVA__940082.jpg,800,642,0,0,642,800
86.07721759,patches/AVA__864914.jpg,320,256,171,129,427,449,79.94312764,240,192,426,148,618,388,76.68946796,160,128,74,161,202,321,75.17543641,voc_emotic_ava/AVA__864914.jpg,800,640,0,0,640,800
69.4735103,patches/AVA__844038.jpg,320,256,203,426,459,746,78.04697666,240,192,221,237,413,477,69.82890754,160,128,64,607,192,767,77.22317787,voc_emotic_ava/AVA__844038.jpg,800,640,0,0,640,800
65.37698678,patches/AVA__857046.jpg,320,256,283,213,539,533,74.04663069,240,192,87,502,279,742,66.35263562,160,128,140,44,268,204,69.50975546,voc_emotic_ava/AVA__857046.jpg,800,640,0,0,640,800
73.41334752,patches/AVA__898108.jpg,320,256,217,403,473,723,72.13550901,240,192,103,217,295,457,72.72519453,160,128,479,156,607,316,72.6948792,voc_emotic_ava/AVA__898108.jpg,800,640,0,0,640,800
77.64193721,patches/AVA__941316.jpg,320,256,120,245,376,565,66.83574083,240,192,373,501,565,741,58.6205291,160,128,191,632,319,792,69.72512504,voc_emotic_ava/AVA__941316.jpg,800,640,0,0,640,800
81.84842208,patches/AVA__954219.jpg,320,256,116,201,372,521,73.49331377,240,192,344,343,536,583,63.50370821,160,128,65,463,193,623,72.94292828,voc_emotic_ava/AVA__954219.jpg,800,640,0,0,640,800
64.12076823,patches/AVA__926202.jpg,320,256,323,289,579,609,71.10723959,240,192,30,62,222,302,66.45121964,160,128,206,219,334,379,67.87991322,voc_emotic_ava/AVA__926202.jpg,800,640,0,0,640,800
79.74570388,patches/AVA__894762.jpg,320,256,189,161,445,481,84.14435095,240,192,362,59,554,299,76.45241413,160,128,389,552,517,712,73.04699143,voc_emotic_ava/AVA__894762.jpg,800,640,0,0,640,800
71.82192816,patches/AVA__892559.jpg,320,256,280,369,536,689,69.07089828,240,192,421,222,613,462,69.02609649,160,128,94,202,222,362,76.49241148,voc_emotic_ava/AVA__892559.jpg,800,640,0,0,640,800
47.23376981,patches/AVA__894676.jpg,320,256,236,454,492,774,68.77429093,240,192,110,8,302,248,67.42258226,160,128,96,556,224,716,74.60734397,voc_emotic_ava/AVA__894676.jpg,800,640,0,0,640,800
78.66797742,patches/AVA__917461.jpg,320,256,27,101,283,421,64.2029822,240,192,119,491,311,731,76.92076262,160,128,359,188,487,348,72.00620585,voc_emotic_ava/AVA__917461.jpg,800,640,0,0,640,800
97.12744866,patches/AVA__892908.jpg,320,256,251,304,507,624,75.04988549,240,192,130,558,322,798,74.17959123,160,128,100,119,228,279,70.04399049,voc_emotic_ava/AVA__892908.jpg,800,640,0,0,640,800
70.22245247,patches/AVA__925932.jpg,320,256,195,260,451,580,67.09355507,240,192,184,25,376,265,74.90830662,160,128,430,505,558,665,72.72179074,voc_emotic_ava/AVA__925932.jpg,800,640,0,0,640,800
76.69554892,patches/AVA__927667.jpg,320,256,47,178,303,498,58.24714712,240,192,287,270,479,510,51.32057035,160,128,205,480,333,640,66.50769496,voc_emotic_ava/AVA__927667.jpg,800,640,0,0,640,800
82.40080182,patches/AVA__875185.jpg,320,256,41,206,297,526,76.57263151,240,192,344,255,536,495,60.7744773,160,128,332,466,460,626,68.2354405,voc_emotic_ava/AVA__875185.jpg,800,640,0,0,640,800
78.48990084,patches/AVA__923642.jpg,320,256,281,241,537,561,78.93985476,240,192,89,360,281,600,58.82723934,160,128,197,590,325,750,81.73188916,voc_emotic_ava/AVA__923642.jpg,800,640,0,0,640,800
72.68042318,patches/AVA__931843.jpg,320,256,302,307,558,627,71.35246894,240,192,168,486,360,726,67.59561427,160,128,160,284,288,444,68.86022912,voc_emotic_ava/AVA__931843.jpg,800,640,0,0,640,800
82.81449719,patches/AVA__933039.jpg,320,256,267,411,523,731,58.87894199,240,192,52,444,244,684,77.79920944,160,128,356,232,484,392,81.4660363,voc_emotic_ava/AVA__933039.jpg,800,640,0,0,640,800
76.33928604,patches/AVA__938061.jpg,320,256,299,63,555,383,80.55050452,240,192,148,377,340,617,74.44264704,160,128,478,490,606,650,79.70435991,voc_emotic_ava/AVA__938061.jpg,800,640,0,0,640,800
76.31991533,patches/AVA__938537.jpg,320,256,96,26,352,346,65.90808985,240,192,376,141,568,381,80.7752971,160,128,62,574,190,734,89.52626545,voc_emotic_ava/AVA__938537.jpg,800,640,0,0,640,800
74.3671555,patches/AVA__946859.jpg,320,256,10,54,266,374,83.14417737,240,192,417,42,609,282,65.24868724,160,128,162,476,290,636,79.39494079,voc_emotic_ava/AVA__946859.jpg,800,640,0,0,640,800
80.89862222,patches/AVA__851150.jpg,320,256,172,233,428,553,78.52925882,240,192,36,193,228,433,76.70324394,160,128,432,498,560,658,68.50265506,voc_emotic_ava/AVA__851150.jpg,800,640,0,0,640,800
85.26166432,patches/AVA__870012.jpg,320,256,109,241,365,561,74.92924114,240,192,394,448,586,688,74.00242729,160,128,238,83,366,243,80.99627953,voc_emotic_ava/AVA__870012.jpg,800,640,0,0,640,800
75.13773025,patches/AVA__880444.jpg,320,255,173,114,428,434,65.26458489,240,191,369,34,560,274,72.85711159,160,127,335,384,462,544,78.24297453,voc_emotic_ava/AVA__880444.jpg,800,639,0,0,639,800
50.65626117,patches/AVA__955682.jpg,320,254,2,139,256,459,61.87995579,240,191,276,150,467,390,56.38303808,160,127,297,478,424,638,72.03322174,voc_emotic_ava/AVA__955682.jpg,800,637,0,0,637,800
71.76709156,patches/AVA__939984.jpg,320,254,222,437,476,757,70.20623978,240,191,155,25,346,265,69.10719917,160,127,499,614,626,774,62.56091929,voc_emotic_ava/AVA__939984.jpg,800,637,0,0,637,800
82.62779106,patches/AVA__942707.jpg,320,254,145,144,399,464,75.87338906,240,191,9,41,200,281,76.91876872,160,127,81,412,208,572,74.50866661,voc_emotic_ava/AVA__942707.jpg,800,637,0,0,637,800
73.91832342,patches/AVA__936829.jpg,320,254,277,8,531,328,72.99513646,240,190,7,215,197,455,65.88874875,160,127,317,598,444,758,69.73723595,voc_emotic_ava/AVA__936829.jpg,800,636,0,0,636,800
75.35788681,patches/AVA__953816.jpg,319,254,121,230,375,549,75.23120739,239,190,428,40,618,279,69.95959007,159,127,506,557,633,716,75.94092255,voc_emotic_ava/AVA__953816.jpg,799,636,0,0,636,799
68.20367954,patches/AVA__889274.jpg,317,256,165,132,421,449,68.7997423,238,192,270,424,462,662,74.50350133,158,128,512,47,640,205,72.94327612,voc_emotic_ava/AVA__889274.jpg,794,640,0,0,640,794
80.38450856,patches/AVA__860454.jpg,320,254,250,378,504,698,67.07015663,240,190,88,92,278,332,59.0129643,160,127,57,616,184,776,73.79446098,voc_emotic_ava/AVA__860454.jpg,800,635,0,0,635,800
81.14693801,patches/AVA__924527.jpg,320,254,174,420,428,740,74.98115513,240,190,415,358,605,598,72.51239044,160,127,49,81,176,241,67.3665709,voc_emotic_ava/AVA__924527.jpg,800,635,0,0,635,800
84.16178313,patches/AVA__892119.jpg,320,254,258,85,512,405,82.93690302,240,190,396,330,586,570,63.67883589,160,127,174,446,301,606,77.00305792,voc_emotic_ava/AVA__892119.jpg,800,635,0,0,635,800
83.49041235,patches/AVA__938567.jpg,320,253,252,83,505,403,76.98114875,240,189,24,26,213,266,73.13324521,160,126,186,564,312,724,73.76691483,voc_emotic_ava/AVA__938567.jpg,800,633,0,0,633,800
79.18253394,patches/AVA__899051.jpg,320,252,139,292,391,612,58.23264593,240,189,292,14,481,254,64.23595064,160,126,415,195,541,355,82.89068951,voc_emotic_ava/AVA__899051.jpg,800,632,0,0,632,800
85.85593763,patches/AVA__916149.jpg,320,252,76,167,328,487,68.19744697,240,189,373,291,562,531,63.71108623,160,126,1,535,127,695,68.2437478,voc_emotic_ava/AVA__916149.jpg,800,631,0,0,631,800
76.95993179,patches/AVA__644765.jpg,288,280,94,309,374,597,65.48219856,216,210,410,70,620,286,47.36676306,144,140,558,561,698,705,65.40155996,voc_emotic_ava/AVA__644765.jpg,720,700,0,0,700,720
55.61697829,patches/AVA__743720.jpg,288,280,377,11,657,299,64.90746183,216,210,145,462,355,678,64.80348085,144,140,523,286,663,430,13.52027645,voc_emotic_ava/AVA__743720.jpg,720,700,0,0,700,720
77.75931066,patches/AVA__638920.jpg,288,279,191,419,470,707,75.65412246,216,209,58,121,267,337,74.20973985,144,139,454,328,593,472,73.71884147,voc_emotic_ava/AVA__638920.jpg,720,699,0,0,699,720
58.81531884,patches/AVA__956443.jpg,320,251,36,130,287,450,44.95980529,240,188,257,46,445,286,82.49332568,160,125,210,439,335,599,75.41452366,voc_emotic_ava/AVA__956443.jpg,800,629,0,0,629,800
47.67329874,patches/AVA__501778.jpg,288,278,416,29,694,317,58.29786627,216,209,101,109,310,325,72.42497541,144,139,254,463,393,607,64.49963024,voc_emotic_ava/AVA__501778.jpg,720,697,0,0,697,720
69.5807725,patches/AVA__806813.jpg,288,278,62,389,340,677,70.00518854,216,209,175,99,384,315,59.64129878,144,139,471,159,610,303,71.19692898,voc_emotic_ava/AVA__806813.jpg,720,697,0,0,697,720
73.73253902,patches/AVA__819978.jpg,288,278,135,243,413,531,77.04773932,216,209,351,184,560,400,65.43981721,144,139,372,553,511,697,72.04022738,voc_emotic_ava/AVA__819978.jpg,720,697,0,0,697,720
66.92987762,patches/AVA__918716.jpg,286,280,38,26,318,312,71.73251845,214,210,421,29,631,243,74.16695614,143,140,430,512,570,655,62.58232882,voc_emotic_ava/AVA__918716.jpg,716,700,0,0,700,716
69.91328616,patches/AVA__939170.jpg,320,250,146,182,396,502,77.41007537,240,187,439,494,626,734,67.4502816,160,125,326,76,451,236,75.8676416,voc_emotic_ava/AVA__939170.jpg,800,626,0,0,626,800
74.68761926,patches/AVA__847932.jpg,320,250,350,5,600,325,81.24042087,240,187,18,152,205,392,71.58299672,160,125,218,60,343,220,69.64081318,voc_emotic_ava/AVA__847932.jpg,800,625,0,0,625,800
81.0974817,patches/EMOTIC__94ojjy33ewzx5onw1v.jpg,346,230,157,345,387,691,73.47673185,259,173,161,82,334,341,68.44787171,173,115,389,439,504,612,76.7903567,voc_emotic_ava/EMOTIC__94ojjy33ewzx5onw1v.jpg,866,577,0,0,577,866
82.67039349,patches/AVA__759138.jpg,288,277,386,101,663,389,69.31845256,216,208,208,79,416,295,64.25583846,144,138,459,372,597,516,76.02156764,voc_emotic_ava/AVA__759138.jpg,720,694,0,0,694,720
79.51644941,patches/AVA__931425.jpg,320,249,349,203,598,523,77.96079708,240,187,71,37,258,277,78.95740279,160,124,35,523,159,683,80.11485443,voc_emotic_ava/AVA__931425.jpg,800,624,0,0,624,800
73.60925008,patches/AVA__886431.jpg,320,249,24,223,273,543,79.85306715,240,186,197,92,383,332,61.6847128,160,124,418,390,542,550,69.71787073,voc_emotic_ava/AVA__886431.jpg,800,623,0,0,623,800
57.2171663,patches/AVA__920872.jpg,320,249,122,134,371,454,54.1136487,240,186,399,39,585,279,60.09872094,160,124,76,518,200,678,47.91136249,voc_emotic_ava/AVA__920872.jpg,800,623,0,0,623,800
89.24435958,patches/AVA__769225.jpg,288,276,333,298,609,586,72.56015143,216,207,124,498,331,714,73.22202538,144,138,126,142,264,286,78.70079848,voc_emotic_ava/AVA__769225.jpg,720,692,0,0,692,720
73.74236308,patches/AVA__651419.jpg,288,276,24,369,300,657,72.67461567,216,207,368,488,575,704,73.83660554,144,138,23,84,161,228,81.28944341,voc_emotic_ava/AVA__651419.jpg,720,692,0,0,692,720
76.03084659,patches/AVA__911553.jpg,320,248,44,90,292,410,79.43711416,240,186,32,497,218,737,79.28972014,160,124,476,230,600,390,81.54247765,voc_emotic_ava/AVA__911553.jpg,800,622,0,0,622,800
82.74705706,patches/AVA__875996.jpg,315,251,272,297,523,612,79.05270708,236,188,135,523,323,759,82.0499899,157,125,298,73,423,230,70.10186219,voc_emotic_ava/AVA__875996.jpg,789,629,0,0,629,789
87.57665274,patches/AVA__887554.jpg,320,248,24,317,272,637,77.92011137,240,186,288,184,474,424,71.08277823,160,124,303,542,427,702,76.13941647,voc_emotic_ava/AVA__887554.jpg,800,620,0,0,620,800
79.35775278,patches/AVA__893061.jpg,320,248,304,359,552,679,82.85758595,240,186,275,98,461,338,74.12065641,160,124,0,22,124,182,79.71556388,voc_emotic_ava/AVA__893061.jpg,800,620,0,0,620,800
79.34699549,patches/AVA__635617.jpg,288,275,182,197,457,485,74.76737435,216,206,17,360,223,576,77.15023239,144,137,457,144,594,288,69.31831739,voc_emotic_ava/AVA__635617.jpg,720,688,0,0,688,720
56.86066515,patches/AVA__921966.jpg,316,250,235,16,485,332,50.638325,237,187,383,512,570,749,61.15935145,158,125,24,336,149,494,70.85210653,voc_emotic_ava/AVA__921966.jpg,791,626,0,0,626,791
82.03415581,patches/AVA__835125.jpg,320,247,323,133,570,453,76.65906764,240,185,207,390,392,630,76.59778927,160,123,149,71,272,231,79.80851468,voc_emotic_ava/AVA__835125.jpg,800,618,0,0,618,800
81.12034923,patches/AVA__682401.jpg,288,274,175,119,449,407,85.34394432,216,205,316,342,521,558,78.5822275,144,137,494,29,631,173,80.95724936,voc_emotic_ava/AVA__682401.jpg,720,685,0,0,685,720
84.15301259,patches/AVA__872238.jpg,320,246,70,116,316,436,58.42711164,240,184,247,525,431,765,61.81785981,160,123,479,561,602,721,73.99253413,voc_emotic_ava/AVA__872238.jpg,800,616,0,0,616,800
84.24950739,patches/AVA__927251.jpg,320,246,163,17,409,337,85.10784273,240,184,176,444,360,684,80.57388269,160,123,62,399,185,559,78.66589656,voc_emotic_ava/AVA__927251.jpg,800,616,0,0,616,800
55.52307408,patches/AVA__901411.jpg,320,246,335,362,581,682,74.87293251,240,184,108,500,292,740,60.17844898,160,123,38,5,161,165,71.80137744,voc_emotic_ava/AVA__901411.jpg,800,615,0,0,615,800
87.07788216,patches/AVA__853650.jpg,320,246,83,198,329,518,83.0587671,240,184,198,443,382,683,72.30785195,160,123,71,523,194,683,73.07746947,voc_emotic_ava/AVA__853650.jpg,800,615,0,0,615,800
35.20882877,patches/AVA__909452.jpg,300,262,219,395,481,695,48.89604727,225,196,392,79,588,304,57.28090014,150,131,39,419,170,569,21.78498839,voc_emotic_ava/AVA__909452.jpg,750,656,0,0,656,750
66.15802513,patches/AVA__775668.jpg,288,273,23,118,296,406,59.46282867,216,204,411,51,615,267,51.51062702,144,136,222,509,358,653,68.65191075,voc_emotic_ava/AVA__775668.jpg,720,683,0,0,683,720
87.85298977,patches/AVA__905772.jpg,320,245,249,322,494,642,79.30887996,240,184,66,67,250,307,78.95133017,160,122,269,9,391,169,69.4561478,voc_emotic_ava/AVA__905772.jpg,800,614,0,0,614,800
75.87094887,patches/AVA__896136.jpg,320,245,284,331,529,651,77.65854209,240,184,23,67,207,307,76.39080992,160,122,217,630,339,790,75.49835738,voc_emotic_ava/AVA__896136.jpg,800,614,0,0,614,800
79.41640038,patches/AVA__878915.jpg,320,245,139,245,384,565,75.81789032,240,184,395,9,579,249,76.72791426,160,122,472,554,594,714,73.71853092,voc_emotic_ava/AVA__878915.jpg,800,614,0,0,614,800
81.39276132,patches/AVA__814000.jpg,288,272,241,289,513,577,78.18655966,216,204,464,227,668,443,70.20744728,144,136,314,20,450,164,72.92213383,voc_emotic_ava/AVA__814000.jpg,720,682,0,0,682,720
75.81581396,patches/EMOTIC__ctvx2pmqvdocr6c228.jpg,320,245,341,340,586,660,75.34237323,240,183,166,312,349,552,64.0258972,160,122,224,184,346,344,72.11321593,voc_emotic_ava/EMOTIC__ctvx2pmqvdocr6c228.jpg,800,613,0,0,613,800
76.5532683,patches/AVA__793202.jpg,288,272,106,131,378,419,76.90978302,216,204,316,12,520,228,68.62667021,144,136,457,310,593,454,69.73327832,voc_emotic_ava/AVA__793202.jpg,720,681,0,0,681,720
74.91985711,patches/AVA__650491.jpg,288,272,30,129,302,417,77.48174495,216,204,413,396,617,612,59.55252731,144,136,6,507,142,651,78.33306948,voc_emotic_ava/AVA__650491.jpg,720,681,0,0,681,720
76.5122818,patches/AVA__457484.jpg,280,280,400,151,680,431,80.10656033,210,210,157,10,367,220,68.80494807,140,140,334,475,474,615,71.63805858,voc_emotic_ava/AVA__457484.jpg,700,700,0,0,700,700
87.67026212,patches/AVA__564514.jpg,280,280,249,283,529,563,90.94692945,210,210,9,215,219,425,70.0678428,140,140,489,243,629,383,88.79939274,voc_emotic_ava/AVA__564514.jpg,700,700,0,0,700,700
69.85452016,patches/AVA__771624.jpg,280,280,147,116,427,396,67.30395653,210,210,363,225,573,435,51.14328279,140,140,548,170,688,310,60.43649753,voc_emotic_ava/AVA__771624.jpg,700,700,0,0,700,700
80.03627582,patches/AVA__400572.jpg,280,280,55,75,335,355,74.56022684,210,210,1,357,211,567,73.71664429,140,140,220,516,360,656,71.95583958,voc_emotic_ava/AVA__400572.jpg,700,700,0,0,700,700
58.08412824,patches/AVA__316341.jpg,280,280,378,57,658,337,65.92595415,210,210,290,275,500,485,84.73161515,140,140,70,154,210,294,73.02486343,voc_emotic_ava/AVA__316341.jpg,700,700,0,0,700,700
70.43142998,patches/AVA__874154.jpg,320,244,154,227,398,547,63.36816942,240,183,360,455,543,695,63.56680658,160,122,74,94,196,254,72.25804206,voc_emotic_ava/AVA__874154.jpg,800,612,0,0,612,800
73.63944389,patches/AVA__314015.jpg,288,272,396,123,668,411,63.54031616,216,204,263,342,467,558,68.27843354,144,136,492,405,628,549,78.06767808,voc_emotic_ava/AVA__314015.jpg,720,680,0,0,680,720
62.41697012,patches/AVA__858056.jpg,320,244,301,14,545,334,60.55880668,240,183,364,478,547,718,70.79444847,160,122,102,461,224,621,71.88549098,voc_emotic_ava/AVA__858056.jpg,800,611,0,0,611,800
76.71337658,patches/AVA__900574.jpg,320,244,45,229,289,549,75.02000514,240,183,320,118,503,358,68.80609732,160,122,85,627,207,787,73.57803882,voc_emotic_ava/AVA__900574.jpg,800,611,0,0,611,800
80.09436205,patches/AVA__853920.jpg,320,244,273,195,517,515,74.78014796,240,183,90,480,273,720,77.08991184,160,122,164,10,286,170,77.69575338,voc_emotic_ava/AVA__853920.jpg,800,610,0,0,610,800
83.38696745,patches/AVA__940372.jpg,320,243,286,341,529,661,70.20233839,240,182,90,547,272,787,66.42033977,160,121,132,176,253,336,77.61232198,voc_emotic_ava/AVA__940372.jpg,800,609,0,0,609,800
57.0560689,patches/AVA__935444.jpg,320,243,113,26,356,346,57.02576274,240,182,419,206,601,446,60.47923708,160,121,67,577,188,737,39.85126715,voc_emotic_ava/AVA__935444.jpg,800,609,0,0,609,800
70.57767946,patches/AVA__917248.jpg,320,243,183,65,426,385,76.10843638,240,182,170,501,352,741,78.72996726,160,121,78,388,199,548,72.18334988,voc_emotic_ava/AVA__917248.jpg,800,609,0,0,609,800
59.06190802,patches/AVA__853435.jpg,300,259,167,57,426,357,66.27576901,225,194,408,297,602,522,71.77822586,150,129,400,133,529,283,71.31391292,voc_emotic_ava/AVA__853435.jpg,750,649,0,0,649,750
73.72981707,patches/AVA__458472.jpg,288,270,23,220,293,508,54.60575512,216,202,442,22,644,238,64.84221929,144,135,392,535,527,679,53.70009216,voc_emotic_ava/AVA__458472.jpg,720,676,0,0,676,720
53.11988352,patches/AVA__897859.jpg,320,243,47,178,290,498,60.08428507,240,182,180,559,362,799,64.44309073,160,121,348,240,469,400,77.58655798,voc_emotic_ava/AVA__897859.jpg,800,608,0,0,608,800
80.98200725,patches/AVA__862516.jpg,320,243,100,243,343,563,74.75584864,240,182,184,70,366,310,42.76595792,160,121,465,556,586,716,74.35708682,voc_emotic_ava/AVA__862516.jpg,800,608,0,0,608,800
67.43655542,patches/AVA__954227.jpg,320,243,234,78,477,398,67.42786331,240,182,372,320,554,560,68.80846521,160,121,61,568,182,728,66.75500159,voc_emotic_ava/AVA__954227.jpg,800,608,0,0,608,800
74.67898227,patches/AVA__857538.jpg,320,243,125,222,368,542,72.3838496,240,182,281,69,463,309,57.7593429,160,121,43,432,164,592,68.81137014,voc_emotic_ava/AVA__857538.jpg,800,608,0,0,608,800
79.48841689,patches/EMOTIC__fjui54dapkogzlzw3d.jpg,372,208,69,495,277,867,74.09098097,279,156,274,198,430,477,77.06153846,186,104,401,39,505,225,74.53909537,voc_emotic_ava/EMOTIC__fjui54dapkogzlzw3d.jpg,930,522,0,0,522,930
79.97317373,patches/AVA__795352.jpg,288,269,166,164,435,452,62.84418076,216,202,124,424,326,640,65.52808187,144,134,528,296,662,440,73.84860234,voc_emotic_ava/AVA__795352.jpg,720,674,0,0,674,720
72.99733593,patches/AVA__883453.jpg,320,242,323,107,565,427,76.73868935,240,181,162,210,343,450,77.51378293,160,121,39,437,160,597,74.33368325,voc_emotic_ava/AVA__883453.jpg,800,606,0,0,606,800
82.34069725,patches/EMOTIC__sun_abjhymkavymmcgrt.jpg,320,242,318,41,560,361,80.05199992,240,181,151,296,332,536,70.1239865,160,121,252,616,373,776,74.96910247,voc_emotic_ava/EMOTIC__sun_abjhymkavymmcgrt.jpg,800,606,0,0,606,800
81.75548121,patches/AVA__836795.jpg,320,242,277,389,519,709,80.85442771,240,181,248,16,429,256,66.37146223,160,121,422,152,543,312,79.6491405,voc_emotic_ava/AVA__836795.jpg,800,606,0,0,606,800
72.55692117,patches/AVA__944438.jpg,320,242,117,66,359,386,78.097438,240,181,348,304,529,544,62.78677676,160,121,393,629,514,789,75.90674779,voc_emotic_ava/AVA__944438.jpg,800,605,0,0,605,800
83.71797412,patches/AVA__855784.jpg,320,242,291,368,533,688,76.73335161,240,181,0,132,181,372,74.25030689,160,121,84,343,205,503,74.93343023,voc_emotic_ava/AVA__855784.jpg,800,605,0,0,605,800
80.82217841,patches/AVA__849926.jpg,320,242,70,256,312,576,83.0436283,240,181,140,560,321,800,73.20895262,160,121,327,295,448,455,72.59351315,voc_emotic_ava/AVA__849926.jpg,800,605,0,0,605,800
70.97085473,patches/AVA__927460.jpg,320,242,284,477,526,797,79.21499493,240,181,223,239,404,479,69.20007054,160,121,472,325,593,485,62.67995488,voc_emotic_ava/AVA__927460.jpg,800,605,0,0,605,800
80.92707043,patches/AVA__848059.jpg,320,241,268,354,509,674,75.95741405,240,181,128,405,309,645,70.41137969,160,120,129,608,249,768,73.47121356,voc_emotic_ava/AVA__848059.jpg,800,604,0,0,604,800
67.84226384,patches/AVA__855464.jpg,320,241,4,195,245,515,46.89275599,240,180,133,49,313,289,61.26284416,160,120,419,580,539,740,75.51220044,voc_emotic_ava/AVA__855464.jpg,800,603,0,0,603,800
83.09219787,patches/AVA__704346.jpg,288,268,260,288,528,576,83.97423809,216,201,114,89,315,305,67.02784215,144,134,113,416,247,560,71.54821247,voc_emotic_ava/AVA__704346.jpg,720,670,0,0,670,720
83.71324916,patches/AVA__388415.jpg,288,267,137,55,404,343,78.85741333,216,200,194,497,394,713,76.43492008,144,133,310,314,443,458,72.10315211,voc_emotic_ava/AVA__388415.jpg,720,669,0,0,669,720
71.95024344,patches/AVA__785471.jpg,288,267,150,353,417,641,74.04525418,216,200,116,16,316,232,71.42840123,144,133,477,307,610,451,74.31393882,voc_emotic_ava/AVA__785471.jpg,720,669,0,0,669,720
79.35662641,patches/AVA__875013.jpg,320,240,289,325,529,645,79.935305,240,180,25,190,205,430,73.4701982,160,120,436,143,556,303,80.29600714,voc_emotic_ava/AVA__875013.jpg,800,602,0,0,602,800
53.02692374,patches/AVA__919552.jpg,320,240,47,23,287,343,49.85115,240,180,298,234,478,474,71.42281953,160,120,323,480,443,640,70.9772452,voc_emotic_ava/AVA__919552.jpg,800,602,0,0,602,800
66.69680994,patches/AVA__835589.jpg,320,240,211,438,451,758,85.18658113,240,180,383,316,563,556,61.18905556,160,120,239,69,359,229,73.76534819,voc_emotic_ava/AVA__835589.jpg,800,602,0,0,602,800
79.22112399,patches/AVA__856238.jpg,320,240,229,86,469,406,65.70633282,240,180,358,516,538,756,62.35396224,160,120,265,535,385,695,69.52824541,voc_emotic_ava/AVA__856238.jpg,800,602,0,0,602,800
77.70550622,patches/AVA__706430.jpg,288,267,234,194,501,482,56.02030807,216,200,130,448,330,664,70.41223357,144,133,58,347,191,491,72.7205741,voc_emotic_ava/AVA__706430.jpg,720,668,0,0,668,720
67.73003848,patches/EMOTIC__62sxsunamhmxbhb4po.jpg,338,226,76,22,302,360,78.3484011,254,170,296,466,466,720,65.18473347,169,113,275,83,388,252,76.79418405,voc_emotic_ava/EMOTIC__62sxsunamhmxbhb4po.jpg,847,567,0,0,567,847
79.19568882,patches/EMOTIC__c31f5w9g0flfulrj9f.jpg,331,232,323,384,555,715,76.33410975,248,174,399,163,573,411,64.54898734,165,116,159,126,275,291,74.26160911,voc_emotic_ava/EMOTIC__c31f5w9g0flfulrj9f.jpg,828,580,0,0,580,828
66.1057105,patches/AVA__641958.jpg,288,266,120,285,386,573,56.45622663,216,200,414,252,614,468,57.78998575,144,133,404,564,537,708,43.35698529,voc_emotic_ava/AVA__641958.jpg,720,667,0,0,667,720
60.14493209,patches/AVA__665023.jpg,288,266,166,389,432,677,57.51318994,216,200,384,474,584,690,54.65302994,144,133,412,80,545,224,69.51385279,voc_emotic_ava/AVA__665023.jpg,720,667,0,0,667,720
70.99732884,patches/EMOTIC__87blijx4oa48dubtzt.jpg,392,196,80,512,276,904,69.26222892,294,147,261,406,408,700,64.28450781,196,98,256,664,354,860,75.67585509,voc_emotic_ava/EMOTIC__87blijx4oa48dubtzt.jpg,980,490,0,0,490,980
87.28172571,patches/EMOTIC__b6uw3wotb2mhqtxwf4.jpg,392,196,77,495,273,887,80.35240696,294,147,220,276,367,570,74.10499009,196,98,117,127,215,323,78.96280309,voc_emotic_ava/EMOTIC__b6uw3wotb2mhqtxwf4.jpg,980,490,0,0,490,980
75.43175942,patches/EMOTIC__3u4etmbuf681yn8p83.jpg,392,196,64,94,260,486,65.14607693,294,147,223,440,370,734,73.36611802,196,98,88,778,186,974,68.34151043,voc_emotic_ava/EMOTIC__3u4etmbuf681yn8p83.jpg,980,490,0,0,490,980
71.47476607,patches/AVA__905784.jpg,320,240,137,67,377,387,63.11830223,240,180,312,452,492,692,73.91219601,160,120,421,138,541,298,64.18939581,voc_emotic_ava/AVA__905784.jpg,800,600,0,0,600,800
73.39963022,patches/AVA__905424.jpg,320,240,175,257,415,577,57.95785514,240,180,367,175,547,415,69.51359593,160,120,45,419,165,579,72.83309526,voc_emotic_ava/AVA__905424.jpg,800,600,0,0,600,800
72.9875863,patches/AVA__924864.jpg,320,240,188,428,428,748,81.63729506,240,180,365,323,545,563,61.92822185,160,120,475,523,595,683,74.64544265,voc_emotic_ava/AVA__924864.jpg,800,600,0,0,600,800
77.72315081,patches/EMOTIC__sun_aqkkxfaxtduojdsw.jpg,320,240,40,235,280,555,77.31032923,240,180,382,495,562,735,76.74433021,160,120,7,513,127,673,76.34653164,voc_emotic_ava/EMOTIC__sun_aqkkxfaxtduojdsw.jpg,800,600,0,0,600,800
58.38650253,patches/AVA__935799.jpg,320,240,349,293,589,613,61.87606973,240,180,333,70,513,310,60.15633362,160,120,127,626,247,786,38.47924016,voc_emotic_ava/AVA__935799.jpg,800,600,0,0,600,800
67.02839605,patches/AVA__937923.jpg,320,240,306,159,546,479,59.04323912,240,180,97,113,277,353,69.47024451,160,120,167,380,287,540,54.62569458,voc_emotic_ava/AVA__937923.jpg,800,600,0,0,600,800
78.08977822,patches/EMOTIC__sun_adqdtaezzlknfjxy.jpg,320,240,330,430,570,750,69.21256561,240,180,16,530,196,770,73.45436924,160,120,333,259,453,419,72.15530167,voc_emotic_ava/EMOTIC__sun_adqdtaezzlknfjxy.jpg,800,600,0,0,600,800
80.80323838,patches/AVA__891528.jpg,320,240,156,42,396,362,76.83400993,240,180,150,441,330,681,74.21513564,160,120,41,388,161,548,71.58225765,voc_emotic_ava/AVA__891528.jpg,800,600,0,0,600,800
79.15046657,patches/AVA__840176.jpg,320,240,111,216,351,536,59.0133015,240,180,39,515,219,755,72.10996129,160,120,361,410,481,570,66.98353864,voc_emotic_ava/AVA__840176.jpg,800,600,0,0,600,800
81.36884597,patches/AVA__940887.jpg,320,240,252,155,492,475,70.49586572,240,180,290,461,470,701,61.05399792,160,120,195,604,315,764,73.01202337,voc_emotic_ava/AVA__940887.jpg,800,600,0,0,600,800
62.26082604,patches/AVA__941080.jpg,320,240,52,306,292,626,52.23357353,240,180,408,203,588,443,58.40797364,160,120,295,237,415,397,55.05301204,voc_emotic_ava/AVA__941080.jpg,800,600,0,0,600,800
82.72261767,patches/AVA__905667.jpg,320,240,43,418,283,738,70.81852843,240,180,409,218,589,458,68.00226113,160,120,429,501,549,661,72.04489139,voc_emotic_ava/AVA__905667.jpg,800,600,0,0,600,800
68.41718125,patches/AVA__936173.jpg,320,240,63,227,303,547,82.66399157,240,180,388,353,568,593,76.07022144,160,120,410,212,530,372,74.63892911,voc_emotic_ava/AVA__936173.jpg,800,600,0,0,600,800
79.0122023,patches/AVA__905153.jpg,320,240,6,437,246,757,68.20317136,240,180,63,208,243,448,71.50606915,160,120,426,328,546,488,78.41989672,voc_emotic_ava/AVA__905153.jpg,800,600,0,0,600,800
84.73422366,patches/AVA__917285.jpg,320,240,263,462,503,782,84.73997112,240,180,129,380,309,620,71.97115837,160,120,474,63,594,223,74.28821211,voc_emotic_ava/AVA__917285.jpg,800,600,0,0,600,800
75.43680862,patches/AVA__942261.jpg,320,240,295,408,535,728,70.28309829,240,180,406,152,586,392,70.06251799,160,120,133,366,253,526,71.22601591,voc_emotic_ava/AVA__942261.jpg,800,600,0,0,600,800
70.89420131,patches/AVA__911289.jpg,320,240,75,339,315,659,66.20885588,240,180,358,135,538,375,66.15525126,160,120,163,136,283,296,54.19265209,voc_emotic_ava/AVA__911289.jpg,800,600,0,0,600,800
80.0571172,patches/AVA__887697.jpg,320,240,65,159,305,479,73.15736649,240,180,363,480,543,720,76.13064256,160,120,333,155,453,315,72.88432763,voc_emotic_ava/AVA__887697.jpg,800,600,0,0,600,800
70.05934632,patches/AVA__843473.jpg,320,240,132,383,372,703,57.16419202,240,180,380,509,560,749,43.33224408,160,120,35,529,155,689,66.45475845,voc_emotic_ava/AVA__843473.jpg,800,600,0,0,600,800
36.08715126,patches/AVA__856939.jpg,320,240,171,315,411,635,63.15932673,240,180,154,84,334,324,51.58706691,160,120,397,605,517,765,63.53813589,voc_emotic_ava/AVA__856939.jpg,800,600,0,0,600,800
74.23722382,patches/AVA__926773.jpg,320,240,309,50,549,370,68.8089923,240,180,214,559,394,799,70.32228678,160,120,132,517,252,677,77.22250677,voc_emotic_ava/AVA__926773.jpg,800,600,0,0,600,800
85.99306527,patches/AVA__845572.jpg,320,240,215,460,455,780,76.73054117,240,180,344,283,524,523,76.16614112,160,120,153,355,273,515,68.60248607,voc_emotic_ava/AVA__845572.jpg,800,600,0,0,600,800
73.61283027,patches/AVA__933093.jpg,320,240,325,66,565,386,77.64486251,240,180,372,385,552,625,78.36139845,160,120,35,162,155,322,74.04869528,voc_emotic_ava/AVA__933093.jpg,800,600,0,0,600,800
58.55752623,patches/AVA__928726.jpg,320,240,40,216,280,536,71.77338581,240,180,38,3,218,243,57.46849495,160,120,424,160,544,320,23.1422716,voc_emotic_ava/AVA__928726.jpg,800,600,0,0,600,800
77.72106762,patches/AVA__948822.jpg,320,240,68,375,308,695,72.69744766,240,180,152,157,332,397,76.7656009,160,120,350,97,470,257,78.57265063,voc_emotic_ava/AVA__948822.jpg,800,600,0,0,600,800
84.74601676,patches/AVA__929477.jpg,320,240,84,195,324,515,63.85835826,240,180,359,79,539,319,57.50684062,160,120,342,315,462,475,66.81925973,voc_emotic_ava/AVA__929477.jpg,800,600,0,0,600,800
65.85288416,patches/AVA__911069.jpg,320,240,70,415,310,735,81.36620018,240,180,215,111,395,351,65.23715638,160,120,111,17,231,177,70.68768763,voc_emotic_ava/AVA__911069.jpg,800,600,0,0,600,800
86.09972626,patches/AVA__911760.jpg,320,240,33,435,273,755,72.31564171,240,180,24,135,204,375,67.22011387,160,120,308,633,428,793,75.81954448,voc_emotic_ava/AVA__911760.jpg,800,600,0,0,600,800
75.58309191,patches/AVA__912261.jpg,320,240,303,278,543,598,54.51857453,240,180,9,536,189,776,59.77035929,160,120,55,134,175,294,71.36740561,voc_emotic_ava/AVA__912261.jpg,800,600,0,0,600,800
81.13128975,patches/AVA__871239.jpg,320,240,108,64,348,384,70.50214603,240,180,273,445,453,685,77.31480366,160,120,420,251,540,411,76.69368151,voc_emotic_ava/AVA__871239.jpg,800,600,0,0,600,800
77.24174163,patches/AVA__926666.jpg,320,240,355,405,595,725,77.52639193,240,180,185,85,365,325,73.96031549,160,120,82,370,202,530,80.38334228,voc_emotic_ava/AVA__926666.jpg,800,600,0,0,600,800
82.19697475,patches/AVA__915171.jpg,320,240,247,261,487,581,44.2036844,240,180,34,188,214,428,49.54292649,160,120,116,436,236,596,63.59566512,voc_emotic_ava/AVA__915171.jpg,800,600,0,0,600,800
81.70997339,patches/EMOTIC__3v8jcc9t88yrdd0kkd.jpg,320,240,61,437,301,757,70.0783519,240,180,332,521,512,761,75.14832006,160,120,103,49,223,209,72.45232418,voc_emotic_ava/EMOTIC__3v8jcc9t88yrdd0kkd.jpg,800,600,0,0,600,800
72.02353474,patches/AVA__850813.jpg,320,240,30,344,270,664,68.38221578,240,180,338,488,518,728,60.38836262,160,120,390,298,510,458,71.01280804,voc_emotic_ava/AVA__850813.jpg,800,600,0,0,600,800
79.40465468,patches/EMOTIC__gr0n9z2if2cr0v5rch.jpg,340,225,74,308,299,648,57.25245438,255,169,293,201,462,456,73.25448359,170,112,274,485,386,655,76.64464656,voc_emotic_ava/EMOTIC__gr0n9z2if2cr0v5rch.jpg,851,564,0,0,564,851
83.98148255,patches/EMOTIC__3emnzto8cx23ewhxnj.jpg,329,233,323,136,556,465,80.62622766,246,174,132,187,306,433,72.24504731,164,116,119,597,235,761,77.72077008,voc_emotic_ava/EMOTIC__3emnzto8cx23ewhxnj.jpg,823,583,0,0,583,823
73.39824281,patches/EMOTIC__1msjn2yijfew73mlv6.jpg,339,226,186,103,412,442,56.99977102,254,169,248,475,417,729,58.22235561,169,113,77,12,190,181,76.52949968,voc_emotic_ava/EMOTIC__1msjn2yijfew73mlv6.jpg,849,565,0,0,565,849
86.12132164,patches/AVA__837022.jpg,320,239,339,318,578,638,84.21269431,240,179,117,245,296,485,69.99971737,160,119,455,630,574,790,78.5872849,voc_emotic_ava/AVA__837022.jpg,800,599,0,0,599,800
83.42660572,patches/AVA__910372.jpg,320,239,9,134,248,454,52.22895142,240,179,29,538,208,778,65.75960795,160,119,452,384,571,544,70.49383481,voc_emotic_ava/AVA__910372.jpg,800,599,0,0,599,800
71.29781058,patches/AVA__902312.jpg,320,239,229,159,468,479,71.45505747,240,179,387,365,566,605,78.37700683,160,119,131,269,250,429,75.14382156,voc_emotic_ava/AVA__902312.jpg,800,599,0,0,599,800
77.88135881,patches/AVA__927917.jpg,320,239,242,455,481,775,79.93613409,240,179,88,330,267,570,71.75033301,160,119,422,179,541,339,83.26955065,voc_emotic_ava/AVA__927917.jpg,800,599,0,0,599,800
58.90217545,patches/AVA__913041.jpg,319,239,349,411,588,730,75.21744732,239,179,218,364,397,603,70.26022652,159,119,86,449,205,608,67.93232096,voc_emotic_ava/AVA__913041.jpg,799,599,0,0,599,799
61.11540076,patches/AVA__856208.jpg,320,239,329,94,568,414,84.64305694,240,179,402,447,581,687,76.38294468,160,119,170,532,289,692,64.08303976,voc_emotic_ava/AVA__856208.jpg,800,598,0,0,598,800
83.5835735,patches/AVA__904501.jpg,320,239,196,278,435,598,63.07568131,240,179,75,518,254,758,60.69760867,160,119,43,378,162,538,77.11134615,voc_emotic_ava/AVA__904501.jpg,800,598,0,0,598,800
48.69136474,patches/AVA__876003.jpg,320,239,21,464,260,784,77.77457082,240,179,229,129,408,369,61.2410094,160,119,324,535,443,695,75.21924057,voc_emotic_ava/AVA__876003.jpg,800,598,0,0,598,800
59.97354605,patches/AVA__725106.jpg,280,273,348,66,621,346,77.64430347,210,204,438,458,642,668,74.84799149,140,136,11,439,147,579,67.98187567,voc_emotic_ava/AVA__725106.jpg,700,683,0,0,683,700
80.87732994,patches/AVA__861826.jpg,320,238,41,291,279,611,78.69291235,240,179,331,203,510,443,66.06674179,160,119,205,63,324,223,82.16420031,voc_emotic_ava/AVA__861826.jpg,800,597,0,0,597,800
70.77954491,patches/AVA__939834.jpg,320,238,14,269,252,589,74.30467998,240,178,147,25,325,265,69.68254039,160,119,308,423,427,583,72.11837669,voc_emotic_ava/AVA__939834.jpg,800,596,0,0,596,800
79.18259924,patches/AVA__709117.jpg,288,264,353,133,617,421,78.41956776,216,198,102,93,300,309,45.50231192,144,132,524,466,656,610,70.52662997,voc_emotic_ava/AVA__709117.jpg,720,662,0,0,662,720
42.45323852,patches/AVA__883962.jpg,294,258,319,418,577,712,65.75533154,220,194,337,236,531,456,56.5773778,147,129,121,516,250,663,32.25020506,voc_emotic_ava/AVA__883962.jpg,736,647,0,0,647,736
60.08580327,patches/AVA__939420.jpg,320,238,346,442,584,762,71.57190125,240,178,146,403,324,643,67.161008,160,119,354,56,473,216,69.40106605,voc_emotic_ava/AVA__939420.jpg,800,595,0,0,595,800
77.45826064,patches/AVA__911783.jpg,320,237,310,244,547,564,67.27966757,240,178,118,299,296,539,73.01618258,160,118,468,106,586,266,67.35580268,voc_emotic_ava/AVA__911783.jpg,800,594,0,0,594,800
88.15597941,patches/AVA__940257.jpg,320,237,145,326,382,646,73.80562017,240,178,360,26,538,266,69.21822696,160,118,419,446,537,606,83.60140755,voc_emotic_ava/AVA__940257.jpg,800,594,0,0,594,800
70.93200283,patches/AVA__943976.jpg,320,237,355,436,592,756,71.32571151,240,178,391,82,569,322,75.200405,160,118,271,379,389,539,66.36817814,voc_emotic_ava/AVA__943976.jpg,800,594,0,0,594,800
72.43202904,patches/AVA__708615.jpg,288,263,358,344,621,632,69.39509564,216,197,42,280,239,496,69.65546659,144,131,235,149,366,293,79.60427782,voc_emotic_ava/AVA__708615.jpg,720,659,0,0,659,720
85.07052681,patches/AVA__914212.jpg,320,237,63,429,300,749,75.59290455,240,177,270,20,447,260,77.25323241,160,118,220,294,338,454,75.24184619,voc_emotic_ava/AVA__914212.jpg,800,593,0,0,593,800
77.48754301,patches/AVA__940179.jpg,320,236,4,62,240,382,44.10269773,240,177,17,390,194,630,52.4453484,160,118,118,626,236,786,61.46205251,voc_emotic_ava/AVA__940179.jpg,800,592,0,0,592,800
86.79797696,patches/AVA__878170.jpg,320,236,166,168,402,488,70.52674069,240,177,9,83,186,323,78.80508688,160,118,385,65,503,225,79.07851001,voc_emotic_ava/AVA__878170.jpg,800,592,0,0,592,800
61.03735478,patches/AVA__730474.jpg,288,262,33,341,295,629,81.78699141,216,196,199,119,395,335,62.18014973,144,131,36,19,167,163,76.69317208,voc_emotic_ava/AVA__730474.jpg,720,656,0,0,656,720
79.80863181,patches/AVA__855779.jpg,310,242,193,93,435,403,75.60715186,233,182,139,442,321,675,72.62328121,155,121,39,447,160,602,72.71563823,voc_emotic_ava/AVA__855779.jpg,777,607,0,0,607,777
77.49893595,patches/AVA__902127.jpg,320,235,168,471,403,791,79.32395118,240,176,214,51,390,291,72.97302514,160,117,375,45,492,205,69.68535186,voc_emotic_ava/AVA__902127.jpg,800,589,0,0,589,800
78.78539996,patches/AVA__850542.jpg,280,268,108,157,376,437,72.28354774,210,201,447,206,648,416,67.4605995,140,134,311,29,445,169,79.42970277,voc_emotic_ava/AVA__850542.jpg,700,672,0,0,672,700
80.13287704,patches/AVA__903906.jpg,320,234,146,374,380,694,70.70504571,240,176,355,152,531,392,68.19667043,160,117,469,388,586,548,78.06586677,voc_emotic_ava/AVA__903906.jpg,800,587,0,0,587,800
84.88436415,patches/AVA__935670.jpg,320,234,170,371,404,691,90.00437972,240,176,95,90,271,330,68.37419778,160,117,377,579,494,739,79.06735739,voc_emotic_ava/AVA__935670.jpg,800,587,0,0,587,800
63.77552735,patches/AVA__635737.jpg,288,260,92,426,352,714,60.38167218,216,195,7,71,202,287,56.90414638,144,130,324,545,454,689,63.28576899,voc_emotic_ava/AVA__635737.jpg,720,652,0,0,652,720
68.39177028,patches/AVA__701315.jpg,288,260,343,79,603,367,75.32192979,216,195,196,154,391,370,55.31848853,144,130,79,436,209,580,72.64514761,voc_emotic_ava/AVA__701315.jpg,720,652,0,0,652,720
80.0624882,patches/AVA__674427.jpg,288,260,28,362,288,650,76.09511171,216,195,192,92,387,308,72.1086575,144,130,387,414,517,558,76.75563557,voc_emotic_ava/AVA__674427.jpg,720,651,0,0,651,720
83.06087547,patches/AVA__846033.jpg,320,234,36,113,270,433,78.14904599,240,175,367,266,542,506,79.63487183,160,117,67,562,184,722,71.58180555,voc_emotic_ava/AVA__846033.jpg,800,585,0,0,585,800
63.75143881,patches/AVA__938221.jpg,320,234,320,1,554,321,71.73705288,240,175,407,525,582,765,74.75358985,160,117,311,306,428,466,73.91729571,voc_emotic_ava/AVA__938221.jpg,800,585,0,0,585,800
44.1550986,patches/AVA__855193.jpg,320,234,88,147,322,467,68.21919491,240,175,381,133,556,373,57.02770813,160,117,265,586,382,746,69.16040802,voc_emotic_ava/AVA__855193.jpg,800,585,0,0,585,800
84.22315002,patches/AVA__856786.jpg,320,234,23,234,257,554,78.99608778,240,175,220,207,395,447,74.88496077,160,117,266,467,383,627,74.47989299,voc_emotic_ava/AVA__856786.jpg,800,585,0,0,585,800
76.70541664,patches/AVA__840829.jpg,320,234,260,431,494,751,76.72657166,240,175,183,150,358,390,49.90490955,160,117,47,612,164,772,72.90012396,voc_emotic_ava/AVA__840829.jpg,800,585,0,0,585,800
75.96400048,patches/AVA__795072.jpg,288,260,39,324,299,612,78.67809339,216,195,339,95,534,311,71.74572555,144,130,490,270,620,414,77.06783104,voc_emotic_ava/AVA__795072.jpg,720,650,0,0,650,720
84.01400068,patches/AVA__944323.jpg,320,234,44,150,278,470,74.81982098,240,175,330,78,505,318,62.04598241,160,117,58,515,175,675,65.58059964,voc_emotic_ava/AVA__944323.jpg,800,585,0,0,585,800
79.19086776,patches/AVA__863492.jpg,300,249,254,175,503,475,56.25649822,225,187,49,82,236,307,57.27042463,150,124,490,514,614,664,70.11199528,voc_emotic_ava/AVA__863492.jpg,750,624,0,0,624,750
80.68759567,patches/AVA__849535.jpg,320,233,250,396,483,716,82.64140433,240,175,101,488,276,728,80.93688328,160,116,170,224,286,384,72.83124842,voc_emotic_ava/AVA__849535.jpg,800,584,0,0,584,800
52.89174046,patches/AVA__909294.jpg,320,233,17,64,250,384,63.96798236,240,175,308,443,483,683,53.66918093,160,116,99,457,215,617,63.50229928,voc_emotic_ava/AVA__909294.jpg,800,584,0,0,584,800
71.57824601,patches/AVA__498060.jpg,288,259,337,196,596,484,69.34305648,216,194,2,223,196,439,76.08453598,144,129,60,1,189,145,64.98183029,voc_emotic_ava/AVA__498060.jpg,720,648,0,0,648,720
78.16533822,patches/AVA__863729.jpg,320,233,218,157,451,477,74.29030673,240,174,409,557,583,797,73.57528031,160,116,74,325,190,485,74.06178662,voc_emotic_ava/AVA__863729.jpg,800,583,0,0,583,800
74.02701189,patches/AVA__907816.jpg,320,233,315,433,548,753,78.22394446,240,174,356,14,530,254,74.0569224,160,116,203,207,319,367,73.74877008,voc_emotic_ava/AVA__907816.jpg,800,583,0,0,583,800
77.99189211,patches/AVA__771038.jpg,288,258,314,226,572,514,64.05212639,216,194,83,502,277,718,69.6364672,144,129,174,246,303,390,72.21006768,voc_emotic_ava/AVA__771038.jpg,720,647,0,0,647,720
86.63342201,patches/AVA__922438.jpg,320,232,103,477,335,797,81.16271443,240,174,71,231,245,471,77.07349007,160,116,324,202,440,362,74.78590033,voc_emotic_ava/AVA__922438.jpg,800,582,0,0,582,800
84.4261125,patches/AVA__932229.jpg,320,232,269,314,501,634,71.08982935,240,174,137,132,311,372,72.26329234,160,116,386,148,502,308,75.45467998,voc_emotic_ava/AVA__932229.jpg,800,582,0,0,582,800
82.86645039,patches/AVA__845608.jpg,320,232,18,430,250,750,77.2801,240,174,133,113,307,353,61.52438887,160,116,446,192,562,352,75.20187021,voc_emotic_ava/AVA__845608.jpg,800,582,0,0,582,800
68.79113283,patches/AVA__896943.jpg,320,232,111,2,343,322,71.04070613,240,174,377,233,551,473,70.6088234,160,116,84,620,200,780,74.21151548,voc_emotic_ava/AVA__896943.jpg,800,582,0,0,582,800
68.52617349,patches/AVA__856027.jpg,320,232,176,250,408,570,70.72428363,240,174,370,315,544,555,70.84947434,160,116,163,582,279,742,57.14015094,voc_emotic_ava/AVA__856027.jpg,800,581,0,0,581,800
59.24814742,patches/AVA__907576.jpg,320,232,184,37,416,357,55.79527128,240,174,1,19,175,259,65.23926903,160,116,222,622,338,782,61.71972738,voc_emotic_ava/AVA__907576.jpg,800,581,0,0,581,800
78.90834899,patches/AVA__888788.jpg,320,232,326,273,558,593,82.04576113,240,174,199,110,373,350,80.07228934,160,116,236,610,352,770,72.11182315,voc_emotic_ava/AVA__888788.jpg,800,581,0,0,581,800
74.50980554,patches/AVA__926772.jpg,320,232,24,103,256,423,77.00322209,240,174,253,159,427,399,66.70027882,160,116,288,407,404,567,79.89435554,voc_emotic_ava/AVA__926772.jpg,800,581,0,0,581,800
56.46162592,patches/AVA__739564.jpg,288,258,355,246,613,534,62.56767239,216,193,149,87,342,303,59.86325854,144,129,507,29,636,173,66.9411775,voc_emotic_ava/AVA__739564.jpg,720,645,0,0,645,720
68.73333992,patches/AVA__879581.jpg,320,232,262,278,494,598,78.81628519,240,174,4,448,178,688,69.9488746,160,116,115,12,231,172,75.24402454,voc_emotic_ava/AVA__879581.jpg,800,580,0,0,580,800
70.6919375,patches/AVA__850981.jpg,320,232,215,118,447,438,74.4435494,240,174,49,155,223,395,70.64589709,160,116,419,48,535,208,63.23237137,voc_emotic_ava/AVA__850981.jpg,800,580,0,0,580,800
71.6660421,patches/AVA__958120.jpg,320,231,148,460,379,780,68.3258707,240,173,54,302,227,542,64.20893588,160,115,134,183,249,343,73.17483331,voc_emotic_ava/AVA__958120.jpg,800,579,0,0,579,800
84.74691986,patches/AVA__926371.jpg,320,231,218,91,449,411,78.45543697,240,173,13,211,186,451,75.38938229,160,115,329,395,444,555,83.35121716,voc_emotic_ava/AVA__926371.jpg,800,579,0,0,579,800
77.72654963,patches/AVA__939753.jpg,320,231,313,200,544,520,74.07454897,240,173,201,512,374,752,59.07195413,160,115,174,186,289,346,76.8539265,voc_emotic_ava/AVA__939753.jpg,800,579,0,0,579,800
73.04834508,patches/AVA__688671.jpg,272,272,194,36,466,308,77.24641111,204,204,293,440,497,644,68.29315338,136,136,332,289,468,425,63.85404515,voc_emotic_ava/AVA__688671.jpg,680,680,0,0,680,680
76.54805529,patches/AVA__739568.jpg,272,272,344,114,616,386,80.61753844,204,204,146,468,350,672,75.21741505,136,136,85,125,221,261,68.10088254,voc_emotic_ava/AVA__739568.jpg,680,680,0,0,680,680
82.73769963,patches/AVA__930476.jpg,320,231,303,243,534,563,77.56848211,240,173,200,18,373,258,74.83350879,160,115,75,195,190,355,78.61241817,voc_emotic_ava/AVA__930476.jpg,800,578,0,0,578,800
57.57672933,patches/AVA__909365.jpg,320,231,180,222,411,542,51.25135192,240,173,123,455,296,695,59.23973134,160,115,34,276,149,436,52.16932736,voc_emotic_ava/AVA__909365.jpg,800,578,0,0,578,800
90.57752397,patches/AVA__854595.jpg,320,231,135,343,366,663,77.3547245,240,173,92,81,265,321,72.1361963,160,115,231,199,346,359,66.61827089,voc_emotic_ava/AVA__854595.jpg,800,578,0,0,578,800
81.26142074,patches/AVA__854023.jpg,320,230,59,84,289,404,71.39707989,240,173,351,353,524,593,73.62075429,160,115,207,489,322,649,77.94940765,voc_emotic_ava/AVA__854023.jpg,800,577,0,0,577,800
77.02268316,patches/AVA__902143.jpg,320,230,141,123,371,443,74.93127542,240,173,66,486,239,726,78.10646795,160,115,387,162,502,322,80.41976853,voc_emotic_ava/AVA__902143.jpg,800,577,0,0,577,800
78.73361076,patches/AVA__659996.jpg,288,256,19,402,275,690,84.29725074,216,192,385,153,577,369,77.44417953,144,128,216,270,344,414,81.13635964,voc_emotic_ava/AVA__659996.jpg,720,641,0,0,641,720
61.66275678,patches/AVA__811571.jpg,288,256,361,225,617,513,70.9772701,216,192,247,49,439,265,66.65300984,144,128,7,433,135,577,75.45391312,voc_emotic_ava/AVA__811571.jpg,720,641,0,0,641,720
71.82694229,patches/AVA__839695.jpg,304,242,182,328,424,632,59.65053208,228,182,6,514,188,742,55.68844814,152,121,157,90,278,242,61.0814277,voc_emotic_ava/AVA__839695.jpg,760,607,0,0,607,760
72.97616543,patches/AVA__891630.jpg,320,230,160,66,390,386,76.51656141,240,172,140,401,312,641,67.63517714,160,115,32,463,147,623,78.8144184,voc_emotic_ava/AVA__891630.jpg,800,576,0,0,576,800
80.91826029,patches/AVA__863250.jpg,320,230,286,128,516,448,82.06211148,240,172,154,330,326,570,79.66822053,160,115,71,219,186,379,77.60082105,voc_emotic_ava/AVA__863250.jpg,800,576,0,0,576,800
71.41021796,patches/AVA__929216.jpg,320,230,94,155,324,475,71.3133628,240,172,218,544,390,784,64.77923925,160,115,391,188,506,348,72.80193092,voc_emotic_ava/AVA__929216.jpg,800,576,0,0,576,800
75.13274882,patches/AVA__882226.jpg,320,230,268,425,498,745,81.08812495,240,172,137,40,309,280,64.4314349,160,115,322,30,437,190,85.29938229,voc_emotic_ava/AVA__882226.jpg,800,576,0,0,576,800
55.99467479,patches/AVA__775135.jpg,288,255,326,395,581,683,77.01110073,216,191,55,306,246,522,70.78487163,144,127,231,258,358,402,67.3120074,voc_emotic_ava/AVA__775135.jpg,720,639,0,0,639,720
77.2278016,patches/AVA__856287.jpg,320,230,85,217,315,537,71.41869215,240,172,290,0,462,240,68.98759679,160,115,112,44,227,204,73.84626467,voc_emotic_ava/AVA__856287.jpg,800,575,0,0,575,800
85.45394309,patches/AVA__916407.jpg,320,230,304,232,534,552,79.99120769,240,172,100,549,272,789,76.73380428,160,115,204,44,319,204,77.47991669,voc_emotic_ava/AVA__916407.jpg,800,575,0,0,575,800
72.4133341,patches/AVA__906390.jpg,320,230,91,58,321,378,80.12010083,240,172,269,302,441,542,59.31129481,160,115,90,460,205,620,63.35104687,voc_emotic_ava/AVA__906390.jpg,800,575,0,0,575,800
79.91296053,patches/AVA__769141.jpg,287,255,253,83,508,370,55.39450619,215,191,83,32,274,247,60.74076333,143,127,121,382,248,525,73.59937742,voc_emotic_ava/AVA__769141.jpg,719,639,0,0,639,719
92.33533374,patches/AVA__505505.jpg,284,258,68,124,326,408,75.15462047,213,194,272,344,466,557,71.11206988,142,129,373,85,502,227,73.89152401,voc_emotic_ava/AVA__505505.jpg,710,647,0,0,647,710
77.14738658,patches/AVA__920095.jpg,320,229,345,167,574,487,78.213897,240,172,205,257,377,497,78.13015855,160,114,52,274,166,434,77.84363545,voc_emotic_ava/AVA__920095.jpg,800,574,0,0,574,800
81.76625669,patches/AVA__895816.jpg,320,229,306,151,535,471,82.70944799,240,172,391,454,563,694,67.73144046,160,114,47,583,161,743,78.11396441,voc_emotic_ava/AVA__895816.jpg,800,574,0,0,574,800
72.58379875,patches/AVA__901089.jpg,320,229,159,271,388,591,64.37006626,240,172,342,135,514,375,49.93323325,160,114,43,457,157,617,68.98376942,voc_emotic_ava/AVA__901089.jpg,800,574,0,0,574,800
82.61132206,patches/AVA__914584.jpg,320,229,67,375,296,695,73.88980882,240,172,2,62,174,302,68.52640755,160,114,316,491,430,651,72.48310143,voc_emotic_ava/AVA__914584.jpg,800,574,0,0,574,800
87.57344837,patches/AVA__683722.jpg,288,254,158,267,412,555,79.88137794,216,191,13,122,204,338,67.40622224,144,127,400,89,527,233,80.80077606,voc_emotic_ava/AVA__683722.jpg,720,637,0,0,637,720
77.95311356,patches/AVA__851184.jpg,320,229,258,420,487,740,74.51255959,240,171,137,299,308,539,70.83002676,160,114,111,492,225,652,67.73732584,voc_emotic_ava/AVA__851184.jpg,800,573,0,0,573,800
73.76529465,patches/AVA__936786.jpg,320,229,283,415,512,735,77.65433689,240,171,285,17,456,257,52.71257482,160,114,139,252,253,412,70.93978586,voc_emotic_ava/AVA__936786.jpg,800,573,0,0,573,800
82.6312486,patches/AVA__936509.jpg,300,244,280,226,524,526,84.98595041,225,183,93,183,276,408,72.56887714,150,122,105,550,227,700,85.26901966,voc_emotic_ava/AVA__936509.jpg,750,611,0,0,611,750
81.7688832,patches/AVA__648325.jpg,288,254,358,180,612,468,81.54321156,216,190,200,258,390,474,57.40965695,144,127,262,45,389,189,80.1825562,voc_emotic_ava/AVA__648325.jpg,720,636,0,0,636,720
72.54051525,patches/AVA__687967.jpg,272,269,150,324,419,596,73.99061916,204,201,444,444,645,648,71.35857693,136,134,318,42,452,178,68.30561932,voc_emotic_ava/AVA__687967.jpg,680,673,0,0,673,680
69.32854607,patches/AVA__878343.jpg,320,228,332,235,560,555,71.76310335,240,171,139,148,310,388,72.38671209,160,114,187,486,301,646,64.61130223,voc_emotic_ava/AVA__878343.jpg,800,572,0,0,572,800
82.60396483,patches/AVA__938320.jpg,320,228,336,369,564,689,79.3684253,240,171,176,385,347,625,83.41207915,160,114,169,215,283,375,77.19252463,voc_emotic_ava/AVA__938320.jpg,800,572,0,0,572,800
80.8158445,patches/AVA__845684.jpg,320,228,295,450,523,770,78.93643676,240,171,62,144,233,384,76.68467199,160,114,58,376,172,536,80.70089347,voc_emotic_ava/AVA__845684.jpg,800,572,0,0,572,800
74.32405792,patches/AVA__388674.jpg,288,254,307,250,561,538,69.53179681,216,190,221,28,411,244,66.90200762,144,127,493,4,620,148,77.56526028,voc_emotic_ava/AVA__388674.jpg,720,635,0,0,635,720
75.9696973,patches/AVA__920296.jpg,312,234,55,287,289,599,59.47727694,234,175,333,332,508,566,69.0045721,156,117,252,19,369,175,74.15745588,voc_emotic_ava/AVA__920296.jpg,781,585,0,0,585,781
70.28404171,patches/AVA__928274.jpg,320,228,110,41,338,361,73.78271768,240,171,24,451,195,691,75.96093872,160,114,296,398,410,558,68.9380281,voc_emotic_ava/AVA__928274.jpg,800,571,0,0,571,800
64.9862,patches/AVA__834014.jpg,320,228,279,191,507,511,80.95953958,240,171,95,540,266,780,75.87960735,160,114,126,205,240,365,70.14824089,voc_emotic_ava/AVA__834014.jpg,800,571,0,0,571,800
71.67636324,patches/AVA__954485.jpg,320,228,4,366,232,686,55.23908745,240,171,386,3,557,243,72.32972587,160,114,239,528,353,688,67.28419344,voc_emotic_ava/AVA__954485.jpg,800,571,0,0,571,800
83.52241199,patches/AVA__869205.jpg,320,228,320,21,548,341,73.71498155,240,171,135,346,306,586,69.98274877,160,114,219,564,333,724,72.35684374,voc_emotic_ava/AVA__869205.jpg,800,571,0,0,571,800
78.36593329,patches/AVA__883133.jpg,320,228,173,201,401,521,85.98064714,240,171,356,524,527,764,68.53219886,160,114,185,43,299,203,76.06276989,voc_emotic_ava/AVA__883133.jpg,800,571,0,0,571,800
77.1345262,patches/AVA__952920.jpg,318,229,159,132,388,450,75.41289701,239,171,344,385,515,624,69.07391039,159,114,363,606,477,765,80.60186611,voc_emotic_ava/AVA__952920.jpg,797,573,0,0,573,797
77.88369713,patches/AVA__905753.jpg,302,241,120,282,361,584,76.98359145,226,181,319,38,500,264,75.03248022,151,120,68,195,188,346,86.31211571,voc_emotic_ava/AVA__905753.jpg,755,604,0,0,604,755
64.74563088,patches/AVA__921400.jpg,320,228,14,74,242,394,83.0900754,240,171,329,225,500,465,62.18733039,160,114,446,568,560,728,72.70827527,voc_emotic_ava/AVA__921400.jpg,800,570,0,0,570,800
70.74739226,patches/AVA__861082.jpg,320,228,226,434,454,754,77.04168815,240,171,5,205,176,445,57.86009977,160,114,67,510,181,670,66.04838654,voc_emotic_ava/AVA__861082.jpg,800,570,0,0,570,800
70.90035874,patches/AVA__897792.jpg,320,228,114,458,342,778,67.40531533,240,171,102,204,273,444,64.65675538,160,114,263,73,377,233,61.50248201,voc_emotic_ava/AVA__897792.jpg,800,570,0,0,570,800
72.92347155,patches/AVA__891837.jpg,320,228,271,145,499,465,79.75227671,240,171,2,232,173,472,66.86551667,160,114,359,493,473,653,68.85346936,voc_emotic_ava/AVA__891837.jpg,800,570,0,0,570,800
46.95286853,patches/AVA__885666.jpg,320,228,216,316,444,636,52.62899314,240,171,30,195,201,435,71.46753895,160,114,178,193,292,353,67.48324329,voc_emotic_ava/AVA__885666.jpg,800,570,0,0,570,800
61.42708823,patches/AVA__841599.jpg,320,228,21,119,249,439,80.10111262,240,171,208,369,379,609,71.81864637,160,114,403,321,517,481,75.12471382,voc_emotic_ava/AVA__841599.jpg,800,570,0,0,570,800
76.74992918,patches/AVA__950890.jpg,320,228,322,1,550,321,77.23716965,240,171,20,69,191,309,67.81799005,160,114,140,366,254,526,79.85182869,voc_emotic_ava/AVA__950890.jpg,800,570,0,0,570,800
74.66835631,patches/AVA__944910.jpg,300,243,320,336,563,636,80.98260441,225,182,298,150,480,375,61.39222254,150,121,172,20,293,170,76.39424563,voc_emotic_ava/AVA__944910.jpg,750,608,0,0,608,750
77.27720508,patches/AVA__854336.jpg,320,227,166,293,393,613,74.52238993,240,170,198,111,368,351,77.57177932,160,113,33,406,146,566,78.07612074,voc_emotic_ava/AVA__854336.jpg,800,569,0,0,569,800
65.26020543,patches/AVA__923877.jpg,320,227,97,84,324,404,68.65081756,240,170,311,8,481,248,51.08869327,160,113,280,500,393,660,55.17677176,voc_emotic_ava/AVA__923877.jpg,800,569,0,0,569,800
71.68099163,patches/AVA__854158.jpg,320,227,75,81,302,401,79.00334462,240,170,258,506,428,746,87.22017597,160,113,325,343,438,503,78.70540348,voc_emotic_ava/AVA__854158.jpg,800,568,0,0,568,800
78.31034885,patches/AVA__872817.jpg,320,227,125,410,352,730,67.39921251,240,170,307,26,477,266,69.8519578,160,113,0,391,113,551,73.58377597,voc_emotic_ava/AVA__872817.jpg,800,568,0,0,568,800
72.69712915,patches/AVA__814387.jpg,288,252,74,432,326,720,78.15237181,216,189,251,85,440,301,55.60747409,144,126,313,448,439,592,68.23298113,voc_emotic_ava/AVA__814387.jpg,720,631,0,0,631,720
85.29263481,patches/AVA__918165.jpg,300,242,112,10,354,310,75.01641006,225,181,187,381,368,606,72.6750229,150,121,320,230,441,380,75.80070369,voc_emotic_ava/AVA__918165.jpg,750,605,0,0,605,750
70.00232793,patches/AVA__870751.jpg,320,226,290,466,516,786,66.52613058,240,170,62,98,232,338,70.75637195,160,113,27,285,140,445,74.3619058,voc_emotic_ava/AVA__870751.jpg,800,567,0,0,567,800
78.34212345,patches/AVA__842037.jpg,320,226,286,15,512,335,81.19554309,240,170,258,459,428,699,68.53511865,160,113,35,524,148,684,76.40717992,voc_emotic_ava/AVA__842037.jpg,800,567,0,0,567,800
86.66362644,patches/AVA__917493.jpg,320,226,169,325,395,645,88.24415279,240,170,385,226,555,466,78.58535427,160,113,262,202,375,362,77.75625049,voc_emotic_ava/AVA__917493.jpg,800,567,0,0,567,800
80.06566795,patches/AVA__773785.jpg,288,252,346,303,598,591,77.09394128,216,189,114,130,303,346,72.5111388,144,126,451,108,577,252,76.70202068,voc_emotic_ava/AVA__773785.jpg,720,630,0,0,630,720
78.89840354,patches/AVA__773711.jpg,260,278,93,278,371,538,75.12796238,195,209,366,59,575,254,72.04961682,130,139,367,511,506,641,78.80847436,voc_emotic_ava/AVA__773711.jpg,650,697,0,0,697,650
77.834423,patches/AVA__909032.jpg,320,226,2,231,228,551,78.96631493,240,169,240,383,409,623,68.5483956,160,113,401,457,514,617,78.29877683,voc_emotic_ava/AVA__909032.jpg,800,566,0,0,566,800
73.16794411,patches/AVA__886851.jpg,320,226,225,11,451,331,80.7558077,240,169,53,481,222,721,66.37655055,160,113,390,437,503,597,76.54332485,voc_emotic_ava/AVA__886851.jpg,800,566,0,0,566,800
79.82598895,patches/AVA__868928.jpg,320,226,12,123,238,443,76.59907854,240,169,132,404,301,644,76.015853,160,113,386,419,499,579,75.64581417,voc_emotic_ava/AVA__868928.jpg,800,566,0,0,566,800
87.33178009,patches/AVA__866324.jpg,320,226,243,452,469,772,75.48267583,240,169,228,101,397,341,65.91007931,160,113,134,470,247,630,76.09124337,voc_emotic_ava/AVA__866324.jpg,800,566,0,0,566,800
79.84869932,patches/AVA__451954.jpg,288,251,350,402,601,690,66.57365589,216,188,371,95,559,311,68.06415697,144,125,171,124,296,268,82.14505882,voc_emotic_ava/AVA__451954.jpg,720,628,0,0,628,720
67.15613129,patches/AVA__927899.jpg,320,226,10,358,236,678,71.93530005,240,169,214,533,383,773,77.10997983,160,113,126,86,239,246,68.97022795,voc_emotic_ava/AVA__927899.jpg,800,565,0,0,565,800
70.18805258,patches/AVA__848020.jpg,320,226,161,128,387,448,52.57111264,240,169,32,169,201,409,56.60925752,160,113,225,505,338,665,65.93622194,voc_emotic_ava/AVA__848020.jpg,800,565,0,0,565,800
72.98640339,patches/AVA__947061.jpg,320,226,5,329,231,649,49.7850472,240,169,369,371,538,611,50.33987905,160,113,242,372,355,532,45.08317047,voc_emotic_ava/AVA__947061.jpg,800,565,0,0,565,800
75.92403654,patches/AVA__384252.jpg,288,250,138,307,388,595,71.37898,216,188,22,10,210,226,72.03782448,144,125,416,341,541,485,77.7922259,voc_emotic_ava/AVA__384252.jpg,720,627,0,0,627,720
75.64887341,patches/AVA__740075.jpg,288,250,258,261,508,549,74.02823383,216,188,93,196,281,412,68.92510255,144,125,266,15,391,159,70.75301191,voc_emotic_ava/AVA__740075.jpg,720,627,0,0,627,720
72.61159073,patches/AVA__926576.jpg,320,225,305,138,530,458,67.07882453,240,169,184,84,353,324,69.81798769,160,112,258,586,370,746,74.26713462,voc_emotic_ava/AVA__926576.jpg,800,564,0,0,564,800
86.72313692,patches/AVA__848773.jpg,320,225,82,286,307,606,78.88538557,240,169,331,451,500,691,74.70128382,160,112,250,67,362,227,78.69810532,voc_emotic_ava/AVA__848773.jpg,800,564,0,0,564,800
70.30461957,patches/AVA__885159.jpg,320,225,236,150,461,470,71.88070432,240,169,13,16,182,256,73.3209082,160,112,229,561,341,721,62.63838622,voc_emotic_ava/AVA__885159.jpg,800,564,0,0,564,800
67.86312813,patches/AVA__336148.jpg,288,250,35,22,285,310,83.09031468,216,187,296,168,483,384,67.51333735,144,125,387,39,512,183,77.12037839,voc_emotic_ava/AVA__336148.jpg,720,626,0,0,626,720
45.6805718,patches/AVA__892688.jpg,320,225,167,23,392,343,80.69108682,240,168,210,379,378,619,68.79084741,160,112,30,579,142,739,66.90400531,voc_emotic_ava/AVA__892688.jpg,800,563,0,0,563,800
57.04436075,patches/AVA__894808.jpg,262,274,362,392,636,654,71.77859697,197,205,180,431,385,628,71.61683346,131,137,48,368,185,499,72.5358561,voc_emotic_ava/AVA__894808.jpg,657,685,0,0,685,657
72.60202443,patches/AVA__504178.jpg,288,250,339,227,589,515,80.76708051,216,187,7,159,194,375,79.7919408,144,125,324,95,449,239,76.57057946,voc_emotic_ava/AVA__504178.jpg,720,625,0,0,625,720
74.92468177,patches/AVA__950666.jpg,320,224,0,383,224,703,78.09326195,240,168,188,495,356,735,76.83549364,160,112,374,228,486,388,82.04499879,voc_emotic_ava/AVA__950666.jpg,800,562,0,0,562,800
71.01026035,patches/AVA__926987.jpg,318,225,6,239,231,557,68.78464674,239,168,278,191,446,430,62.7768866,159,112,432,123,544,282,65.5352754,voc_emotic_ava/AVA__926987.jpg,797,563,0,0,563,797
81.39325989,patches/AVA__916960.jpg,320,224,52,469,276,789,81.79367766,240,168,229,10,397,250,60.85801541,160,112,40,42,152,202,83.77889762,voc_emotic_ava/AVA__916960.jpg,800,560,0,0,560,800
92.28632358,patches/AVA__923406.jpg,320,224,329,421,553,741,73.26548431,240,168,65,412,233,652,80.62679267,160,112,143,612,255,772,79.6064084,voc_emotic_ava/AVA__923406.jpg,800,560,0,0,560,800
88.76088406,patches/AVA__857115.jpg,320,224,139,420,363,740,72.47329301,240,168,355,71,523,311,68.61806176,160,112,396,364,508,524,78.50654061,voc_emotic_ava/AVA__857115.jpg,800,560,0,0,560,800
83.14457258,patches/AVA__918850.jpg,320,224,147,458,371,778,66.96034429,240,168,41,114,209,354,76.18896131,160,112,279,317,391,477,63.28632441,voc_emotic_ava/AVA__918850.jpg,800,560,0,0,560,800
58.48934175,patches/AVA__943987.jpg,320,224,157,444,381,764,54.39840699,240,168,349,80,517,320,49.99273204,160,112,58,350,170,510,37.00825635,voc_emotic_ava/AVA__943987.jpg,800,560,0,0,560,800
76.40925064,patches/AVA__916333.jpg,320,224,152,430,376,750,74.31482583,240,168,329,357,497,597,53.9150276,160,112,202,276,314,436,83.62686616,voc_emotic_ava/AVA__916333.jpg,800,560,0,0,560,800
79.53360439,patches/AVA__657035.jpg,288,248,42,297,290,585,73.50061401,216,186,361,410,547,626,77.72906651,144,124,216,202,340,346,78.66294261,voc_emotic_ava/AVA__657035.jpg,720,622,0,0,622,720
92.94800661,patches/AVA__883573.jpg,319,224,174,116,398,435,67.41651607,239,168,109,398,277,637,71.50771222,159,112,6,79,118,238,74.25020829,voc_emotic_ava/AVA__883573.jpg,799,560,0,0,560,799
78.04735729,patches/AVA__908545.jpg,320,223,201,137,424,457,75.67286212,240,167,68,461,235,701,74.70624749,160,111,365,14,476,174,78.19187696,voc_emotic_ava/AVA__908545.jpg,800,559,0,0,559,800
81.07535104,patches/AVA__901489.jpg,320,223,336,437,559,757,72.48752536,240,167,91,17,258,257,76.87068566,160,111,432,133,543,293,63.90096086,voc_emotic_ava/AVA__901489.jpg,800,559,0,0,559,800
78.38127962,patches/AVA__938375.jpg,320,223,313,1,536,321,70.91138419,240,167,27,285,194,525,66.27394106,160,111,370,291,481,451,70.3676465,voc_emotic_ava/AVA__938375.jpg,800,559,0,0,559,800
70.91663691,patches/AVA__842806.jpg,320,223,336,452,559,772,77.76386387,240,167,172,504,339,744,72.12371381,160,111,290,288,401,448,66.7980447,voc_emotic_ava/AVA__842806.jpg,800,559,0,0,559,800
82.922217,patches/AVA__836848.jpg,304,234,171,244,405,548,72.91588065,228,175,328,474,503,702,72.05065743,152,117,32,399,149,551,74.56392764,voc_emotic_ava/AVA__836848.jpg,762,586,0,0,586,762
51.10812479,patches/AVA__836228.jpg,320,223,24,371,247,691,57.45111559,240,167,302,314,469,554,69.23294186,160,111,365,116,476,276,57.27923128,voc_emotic_ava/AVA__836228.jpg,800,558,0,0,558,800
82.38078974,patches/AVA__445420.jpg,288,248,284,172,532,460,78.87479914,216,186,107,28,293,244,57.12358128,144,124,82,532,206,676,83.05488364,voc_emotic_ava/AVA__445420.jpg,720,620,0,0,620,720
79.06007813,patches/AVA__900932.jpg,320,223,312,70,535,390,81.77648686,240,167,14,51,181,291,68.64332417,160,111,326,571,437,731,76.77042774,voc_emotic_ava/AVA__900932.jpg,800,558,0,0,558,800
80.50922262,patches/AVA__767660.jpg,288,247,0,144,247,432,79.2229606,216,185,252,488,437,704,72.82473675,144,123,121,9,244,153,71.11997343,voc_emotic_ava/AVA__767660.jpg,720,619,0,0,619,720
81.81341151,patches/AVA__909445.jpg,320,222,20,73,242,393,69.58029923,240,167,385,231,552,471,54.95287117,160,111,400,626,511,786,65.74712059,voc_emotic_ava/AVA__909445.jpg,800,557,0,0,557,800
82.43636099,patches/AVA__911415.jpg,280,254,363,242,617,522,73.9620647,210,190,25,107,215,317,60.53626363,140,127,48,518,175,658,70.61747836,voc_emotic_ava/AVA__911415.jpg,700,636,0,0,636,700
39.52090059,patches/AVA__937605.jpg,266,266,330,350,596,616,60.40219981,200,200,398,120,598,320,50.03930316,133,133,28,348,161,481,41.65107896,voc_emotic_ava/AVA__937605.jpg,667,667,0,0,667,667
76.05616894,patches/AVA__944415.jpg,320,222,25,234,247,554,67.13488951,240,166,243,468,409,708,77.19183011,160,111,203,90,314,250,70.27550258,voc_emotic_ava/AVA__944415.jpg,800,556,0,0,556,800
74.31345452,patches/AVA__899787.jpg,304,233,84,221,317,525,64.70820384,228,175,406,511,581,739,68.08495732,152,116,303,431,419,583,67.6944184,voc_emotic_ava/AVA__899787.jpg,761,584,0,0,584,761
78.99503864,patches/AVA__692200.jpg,288,246,21,106,267,394,73.6032456,216,185,296,457,481,673,67.22357937,144,123,13,456,136,600,67.37681008,voc_emotic_ava/AVA__692200.jpg,720,617,0,0,617,720
79.99895848,patches/AVA__650507.jpg,288,246,206,220,452,508,79.89463289,216,185,360,485,545,701,75.82057475,144,123,18,562,141,706,72.72854551,voc_emotic_ava/AVA__650507.jpg,720,617,0,0,617,720
63.80940421,patches/AVA__847658.jpg,320,222,52,134,274,454,60.38131689,240,166,280,345,446,585,60.63165368,160,111,250,610,361,770,53.87565054,voc_emotic_ava/AVA__847658.jpg,800,555,0,0,555,800
67.10174194,patches/AVA__927819.jpg,320,222,46,389,268,709,54.95355683,240,166,335,163,501,403,67.18367,160,111,5,271,116,431,61.53535232,voc_emotic_ava/AVA__927819.jpg,800,555,0,0,555,800
79.43885882,patches/EMOTIC__dkcdoniucgma3ljau4.jpg,330,215,200,78,415,408,68.96821033,247,161,31,145,192,392,55.27539644,165,107,179,643,286,808,75.09900507,voc_emotic_ava/EMOTIC__dkcdoniucgma3ljau4.jpg,825,538,0,0,538,825
47.1903161,patches/AVA__912719.jpg,320,221,25,41,246,361,89.51965567,240,166,171,376,337,616,67.28509743,160,110,411,208,521,368,77.83859369,voc_emotic_ava/AVA__912719.jpg,800,554,0,0,554,800
81.67430878,patches/AVA__834330.jpg,320,221,176,164,397,484,67.52979879,240,166,365,436,531,676,75.06125214,160,110,108,26,218,186,76.33976558,voc_emotic_ava/AVA__834330.jpg,800,554,0,0,554,800
64.66296972,patches/AVA__891665.jpg,320,221,324,149,545,469,70.69912588,240,166,370,421,536,661,75.3598543,160,110,48,499,158,659,70.16042729,voc_emotic_ava/AVA__891665.jpg,800,554,0,0,554,800
74.13193923,patches/AVA__833785.jpg,303,233,222,284,455,587,74.70779103,227,174,27,0,201,227,81.63048651,151,116,152,530,268,681,70.66469057,voc_emotic_ava/AVA__833785.jpg,759,583,0,0,583,759
69.24329319,patches/AVA__873556.jpg,320,221,195,278,416,598,73.91578735,240,165,53,107,218,347,54.797687,160,110,97,565,207,725,68.54975107,voc_emotic_ava/AVA__873556.jpg,800,553,0,0,553,800
76.13308375,patches/AVA__899311.jpg,320,221,110,446,331,766,74.3643795,240,165,67,6,232,246,54.18556576,160,110,50,256,160,416,63.91641031,voc_emotic_ava/AVA__899311.jpg,800,553,0,0,553,800
77.67799764,patches/AVA__956993.jpg,320,221,101,21,322,341,61.47309891,240,165,344,35,509,275,71.13671729,160,110,114,389,224,549,73.58901333,voc_emotic_ava/AVA__956993.jpg,800,553,0,0,553,800
72.29509375,patches/AVA__879560.jpg,320,221,297,78,518,398,70.68958683,240,165,321,556,486,796,68.00246692,160,110,134,627,244,787,75.30394456,voc_emotic_ava/AVA__879560.jpg,800,553,0,0,553,800
67.17724062,patches/AVA__887692.jpg,320,221,223,117,444,437,74.76984789,240,165,67,344,232,584,72.45966738,160,110,223,434,333,594,76.95706328,voc_emotic_ava/AVA__887692.jpg,800,553,0,0,553,800
93.36389898,patches/AVA__777721.jpg,288,245,2,73,247,361,70.73516323,216,184,287,114,471,330,48.53951561,144,122,439,290,561,434,69.99924989,voc_emotic_ava/AVA__777721.jpg,720,614,0,0,614,720
71.30748346,patches/AVA__859291.jpg,320,220,215,232,435,552,54.62575744,240,165,39,172,204,412,73.22824945,160,110,340,532,450,692,69.87724261,voc_emotic_ava/AVA__859291.jpg,800,552,0,0,552,800
77.16725126,patches/AVA__651973.jpg,288,244,327,164,571,452,67.99701024,216,183,148,100,331,316,61.52188024,144,122,128,537,250,681,76.29694583,voc_emotic_ava/AVA__651973.jpg,720,612,0,0,612,720
76.14964138,patches/AVA__949664.jpg,320,220,50,409,270,729,76.30860792,240,165,117,99,282,339,76.4148858,160,110,350,584,460,744,68.67781389,voc_emotic_ava/AVA__949664.jpg,800,550,0,0,550,800
82.15504993,patches/AVA__886031.jpg,320,220,111,137,331,457,73.98529059,240,165,324,138,489,378,82.47449222,160,110,228,550,338,710,74.70444693,voc_emotic_ava/AVA__886031.jpg,800,550,0,0,550,800
78.83688123,patches/AVA__863363.jpg,320,220,282,104,502,424,79.87660803,240,165,95,138,260,378,73.82115492,160,110,17,341,127,501,70.50306589,voc_emotic_ava/AVA__863363.jpg,800,550,0,0,550,800
74.53608694,patches/AVA__874172.jpg,320,220,23,469,243,789,70.05483055,240,165,207,23,372,263,73.1702137,160,110,198,261,308,421,67.09312631,voc_emotic_ava/AVA__874172.jpg,800,550,0,0,550,800
68.60383549,patches/AVA__770437.jpg,288,244,182,371,426,659,70.62465012,216,183,38,470,221,686,74.82737195,144,122,302,21,424,165,70.61655576,voc_emotic_ava/AVA__770437.jpg,720,610,0,0,610,720
51.97605387,patches/AVA__898540.jpg,320,219,330,155,549,475,68.41210475,240,164,87,364,251,604,58.95227907,160,109,180,168,289,328,56.14492192,voc_emotic_ava/AVA__898540.jpg,800,549,0,0,549,800
68.51069201,patches/AVA__949114.jpg,320,219,30,48,249,368,68.12303252,240,164,181,543,345,783,67.41206344,160,109,225,33,334,193,64.77851351,voc_emotic_ava/AVA__949114.jpg,800,549,0,0,549,800
79.33353902,patches/AVA__944830.jpg,320,219,195,408,414,728,79.23586697,240,164,223,112,387,352,77.82709889,160,109,408,197,517,357,73.91957503,voc_emotic_ava/AVA__944830.jpg,800,549,0,0,549,800
59.41488768,patches/AVA__737888.jpg,280,250,123,342,373,622,74.56464344,210,188,176,56,364,266,76.67658295,140,125,56,55,181,195,61.59663156,voc_emotic_ava/AVA__737888.jpg,700,627,0,0,627,700
73.15631685,patches/AVA__915960.jpg,320,219,68,68,287,388,59.27428929,240,164,242,482,406,722,75.69515413,160,109,416,198,525,358,71.54167161,voc_emotic_ava/AVA__915960.jpg,800,548,0,0,548,800
64.83548326,patches/AVA__861347.jpg,320,219,33,228,252,548,69.72833821,240,164,299,165,463,405,60.62074392,160,109,439,48,548,208,68.7373213,voc_emotic_ava/AVA__861347.jpg,800,548,0,0,548,800
78.15866769,patches/AVA__841730.jpg,320,219,328,159,547,479,82.48057555,240,164,125,486,289,726,77.01780758,160,109,181,34,290,194,79.26748392,voc_emotic_ava/AVA__841730.jpg,800,548,0,0,548,800
67.04104274,patches/AVA__885061.jpg,320,219,259,54,478,374,74.28283691,240,164,89,291,253,531,53.08549367,160,109,74,609,183,769,75.4806775,voc_emotic_ava/AVA__885061.jpg,800,548,0,0,548,800
77.3458035,patches/AVA__384956.jpg,288,243,63,12,306,300,54.13708678,216,182,288,296,470,512,51.69213904,144,121,441,306,562,450,76.73698178,voc_emotic_ava/AVA__384956.jpg,720,608,0,0,608,720
59.42076593,patches/AVA__886691.jpg,320,218,325,400,543,720,63.18510377,240,164,167,230,331,470,55.63642093,160,109,360,20,469,180,47.21729444,voc_emotic_ava/AVA__886691.jpg,800,547,0,0,547,800
76.316088,patches/AVA__877611.jpg,320,218,287,346,505,666,80.48117716,240,164,197,40,361,280,80.88203681,160,109,123,166,232,326,78.67691042,voc_emotic_ava/AVA__877611.jpg,800,547,0,0,547,800
78.8280139,patches/EMOTIC__fp0o2rcalukypvm1i7.jpg,320,218,76,460,294,780,76.37665252,240,164,296,88,460,328,68.08764054,160,109,111,141,220,301,73.93782921,voc_emotic_ava/EMOTIC__fp0o2rcalukypvm1i7.jpg,800,547,0,0,547,800
75.41011716,patches/AVA__921925.jpg,320,218,273,315,491,635,75.45700594,240,164,32,273,196,513,73.6256597,160,109,350,7,459,167,70.83056984,voc_emotic_ava/AVA__921925.jpg,800,547,0,0,547,800
68.01682799,patches/AVA__884406.jpg,320,218,324,363,542,683,74.56873484,240,164,274,88,438,328,62.98388518,160,109,220,612,329,772,70.65916041,voc_emotic_ava/AVA__884406.jpg,800,547,0,0,547,800
88.69357392,patches/AVA__882333.jpg,320,218,228,23,446,343,71.57820545,240,164,61,478,225,718,74.50777468,160,109,370,510,479,670,75.11557238,voc_emotic_ava/AVA__882333.jpg,800,547,0,0,547,800
80.33352995,patches/AVA__920894.jpg,320,218,293,7,511,327,77.9573846,240,164,136,137,300,377,70.23229457,160,109,378,596,487,756,74.47633501,voc_emotic_ava/AVA__920894.jpg,800,547,0,0,547,800
90.95245814,patches/AVA__956628.jpg,320,218,49,161,267,481,88.57029908,240,164,277,135,441,375,75.26772287,160,109,335,639,444,799,77.16522672,voc_emotic_ava/AVA__956628.jpg,800,547,0,0,547,800
75.70732013,patches/AVA__957163.jpg,320,218,31,54,249,374,74.58100231,240,164,17,347,181,587,40.72575175,160,109,272,107,381,267,70.84723728,voc_emotic_ava/AVA__957163.jpg,800,547,0,0,547,800
84.48546262,patches/AVA__830306.jpg,288,242,1,102,243,390,80.64122749,216,182,305,18,487,234,74.75215028,144,121,213,532,334,676,69.79051265,voc_emotic_ava/AVA__830306.jpg,720,607,0,0,607,720
74.71587974,patches/AVA__886550.jpg,320,218,81,152,299,472,82.8885141,240,163,304,253,467,493,80.43993245,160,109,87,606,196,766,81.70726203,voc_emotic_ava/AVA__886550.jpg,800,546,0,0,546,800
79.12879363,patches/EMOTIC__3jrq0k5xmvsl03z6qp.jpg,364,192,199,359,391,723,62.66638924,273,144,330,18,474,291,62.19020227,182,96,227,710,323,892,72.96775422,voc_emotic_ava/EMOTIC__3jrq0k5xmvsl03z6qp.jpg,910,480,0,0,480,910
83.42912228,patches/AVA__897132.jpg,320,218,195,161,413,481,85.25320687,240,163,128,7,291,247,68.34511013,160,109,297,535,406,695,69.95539018,voc_emotic_ava/AVA__897132.jpg,800,546,0,0,546,800
89.18788102,patches/AVA__835837.jpg,320,218,119,238,337,558,73.37077277,240,163,10,110,173,350,70.4532569,160,109,331,428,440,588,80.60411729,voc_emotic_ava/AVA__835837.jpg,800,546,0,0,546,800
84.21358775,patches/AVA__842939.jpg,256,272,237,241,509,497,71.38038785,192,204,15,74,219,266,72.93016399,128,136,216,25,352,153,89.7896374,voc_emotic_ava/AVA__842939.jpg,642,680,0,0,680,642
82.2066614,patches/AVA__650239.jpg,288,242,239,84,481,372,81.78421637,216,181,16,371,197,587,65.97088157,144,121,321,362,442,506,73.77171681,voc_emotic_ava/AVA__650239.jpg,720,606,0,0,606,720
71.88602648,patches/AVA__841753.jpg,320,218,181,354,399,674,73.65101481,240,163,265,75,428,315,73.99821106,160,109,134,174,243,334,84.10601363,voc_emotic_ava/AVA__841753.jpg,800,545,0,0,545,800
77.2921831,patches/AVA__865233.jpg,320,218,23,218,241,538,64.85837598,240,163,341,397,504,637,65.70761884,160,109,93,555,202,715,72.69078285,voc_emotic_ava/AVA__865233.jpg,800,545,0,0,545,800
80.35164428,patches/AVA__956591.jpg,320,218,39,343,257,663,82.62041644,240,163,316,212,479,452,57.27767425,160,109,5,125,114,285,77.17357351,voc_emotic_ava/AVA__956591.jpg,800,545,0,0,545,800
73.91532187,patches/AVA__873759.jpg,320,218,11,375,229,695,79.12564288,240,163,324,442,487,682,69.37753092,160,109,149,129,258,289,69.73857952,voc_emotic_ava/AVA__873759.jpg,800,545,0,0,545,800
81.04149243,patches/AVA__744498.jpg,288,242,269,153,511,441,66.64867332,216,181,307,428,488,644,52.42123387,144,121,450,72,571,216,77.80245172,voc_emotic_ava/AVA__744498.jpg,720,605,0,0,605,720
55.56944993,patches/AVA__923258.jpg,320,217,84,151,301,471,49.56264274,240,163,362,57,525,297,56.13093705,160,108,381,494,489,654,69.39069022,voc_emotic_ava/AVA__923258.jpg,800,544,0,0,544,800
82.01286276,patches/AVA__871415.jpg,320,217,1,64,218,384,71.58825305,240,163,310,256,473,496,51.74640964,160,108,348,596,456,756,73.92031905,voc_emotic_ava/AVA__871415.jpg,800,544,0,0,544,800
74.73052982,patches/AVA__935447.jpg,320,217,67,398,284,718,76.08712114,240,163,283,104,446,344,69.51922834,160,108,310,516,418,676,77.55462852,voc_emotic_ava/AVA__935447.jpg,800,544,0,0,544,800
80.19977561,patches/AVA__857082.jpg,319,218,70,162,288,481,79.18739729,239,163,311,38,474,277,78.45466551,159,109,159,634,268,793,76.05915063,voc_emotic_ava/AVA__857082.jpg,798,545,0,0,545,798
77.93931165,patches/AVA__955015.jpg,320,217,77,69,294,389,67.05158258,240,162,8,325,170,565,64.21960073,160,108,290,158,398,318,68.74492013,voc_emotic_ava/AVA__955015.jpg,800,543,0,0,543,800
74.91657408,patches/AVA__864199.jpg,320,217,1,61,218,381,78.37353749,240,162,213,277,375,517,70.55363371,160,108,245,515,353,675,76.80454176,voc_emotic_ava/AVA__864199.jpg,800,543,0,0,543,800
87.57758831,patches/AVA__842879.jpg,320,217,113,314,330,634,61.00715301,240,162,371,137,533,377,66.00026018,160,108,13,188,121,348,71.70428399,voc_emotic_ava/AVA__842879.jpg,800,543,0,0,543,800
75.08644794,patches/AVA__913661.jpg,320,217,299,291,516,611,73.02366126,240,162,139,134,301,374,68.29399693,160,108,91,359,199,519,70.84560902,voc_emotic_ava/AVA__913661.jpg,800,543,0,0,543,800
72.9113131,patches/AVA__859242.jpg,320,217,11,333,228,653,76.36300878,240,162,200,186,362,426,51.77567035,160,108,434,482,542,642,61.16066921,voc_emotic_ava/AVA__859242.jpg,800,543,0,0,543,800
72.00183002,patches/EMOTIC__sun_amksmmrmorislqtp.jpg,320,217,307,12,524,332,76.08001993,240,162,52,387,214,627,71.00750174,160,108,163,143,271,303,72.54403143,voc_emotic_ava/EMOTIC__sun_amksmmrmorislqtp.jpg,800,543,0,0,543,800
66.43412433,patches/AVA__944029.jpg,320,217,36,286,253,606,86.58784291,240,162,196,180,358,420,53.89667376,160,108,35,624,143,784,78.40422755,voc_emotic_ava/AVA__944029.jpg,800,543,0,0,543,800
80.96779423,patches/AVA__923566.jpg,320,217,16,47,233,367,55.39841313,240,162,238,179,400,419,60.53524826,160,108,165,501,273,661,62.31747555,voc_emotic_ava/AVA__923566.jpg,800,543,0,0,543,800
73.30227607,patches/AVA__848357.jpg,320,216,29,120,245,440,73.7302836,240,162,379,11,541,251,72.36304227,160,108,363,568,471,728,82.7239101,voc_emotic_ava/AVA__848357.jpg,800,541,0,0,541,800
85.92344907,patches/AVA__912247.jpg,320,216,271,112,487,432,76.35857773,240,162,76,267,238,507,69.47079805,160,108,249,391,357,551,76.40087676,voc_emotic_ava/AVA__912247.jpg,800,541,0,0,541,800
74.38087398,patches/AVA__817686.jpg,288,240,217,101,457,389,67.92158992,216,180,299,469,479,685,57.7244928,144,120,16,430,136,574,70.73314563,voc_emotic_ava/AVA__817686.jpg,720,601,0,0,601,720
81.27260167,patches/AVA__698381.jpg,280,247,339,63,586,343,73.45318488,210,185,430,341,615,551,74.31853555,140,123,19,97,142,237,75.66957887,voc_emotic_ava/AVA__698381.jpg,700,618,0,0,618,700
76.59972106,patches/AVA__770863.jpg,288,240,46,76,286,364,70.43216302,216,180,342,66,522,282,63.0002635,144,120,471,433,591,577,68.91128428,voc_emotic_ava/AVA__770863.jpg,720,600,0,0,600,720
81.63068991,patches/AVA__792580.jpg,288,240,100,275,340,563,73.63449914,216,180,248,133,428,349,66.03468812,144,120,325,457,445,601,72.69992221,voc_emotic_ava/AVA__792580.jpg,720,600,0,0,600,720
76.78970123,patches/AVA__843011.jpg,320,216,293,204,509,524,80.6762319,240,162,100,123,262,363,74.42050667,160,108,308,638,416,798,69.56895876,voc_emotic_ava/AVA__843011.jpg,800,540,0,0,540,800
85.06582125,patches/EMOTIC__gf1hzzo5a6sefs7cjo.jpg,360,192,103,329,295,689,75.69799593,270,144,255,509,399,779,78.56337841,180,96,97,672,193,852,75.26024441,voc_emotic_ava/EMOTIC__gf1hzzo5a6sefs7cjo.jpg,900,480,0,0,480,900
82.27675531,patches/AVA__317800.jpg,288,240,55,12,295,300,81.84728515,216,180,89,380,269,596,64.9229984,144,120,413,178,533,322,78.40707993,voc_emotic_ava/AVA__317800.jpg,720,600,0,0,600,720
87.50602634,patches/AVA__892568.jpg,320,216,273,26,489,346,78.11472726,240,162,8,36,170,276,75.92160733,160,108,154,95,262,255,81.99412674,voc_emotic_ava/AVA__892568.jpg,800,540,0,0,540,800
88.44609079,patches/AVA__862654.jpg,320,216,193,86,409,406,61.68043262,240,162,166,497,328,737,61.39897442,160,108,41,113,149,273,80.0457105,voc_emotic_ava/AVA__862654.jpg,800,540,0,0,540,800
52.52667282,patches/AVA__852401.jpg,320,216,62,154,278,474,50.49639432,240,162,352,36,514,276,62.26522733,160,108,59,615,167,775,73.85346096,voc_emotic_ava/AVA__852401.jpg,800,540,0,0,540,800
72.9319781,patches/AVA__895230.jpg,320,216,261,3,477,323,78.39856684,240,162,204,544,366,784,68.83813722,160,108,62,88,170,248,63.37273304,voc_emotic_ava/AVA__895230.jpg,800,540,0,0,540,800
79.29961141,patches/EMOTIC__4uwaf3189u9wi0f2hy.jpg,350,197,98,148,295,498,74.03975285,262,147,77,490,224,752,71.76740164,175,98,308,613,406,788,73.73593193,voc_emotic_ava/EMOTIC__4uwaf3189u9wi0f2hy.jpg,876,493,0,0,493,876
84.54886382,patches/AVA__848910.jpg,320,215,323,294,538,614,65.67668361,240,161,104,289,265,529,76.94095252,160,107,263,609,370,769,70.51212859,voc_emotic_ava/AVA__848910.jpg,800,539,0,0,539,800
75.8349003,patches/EMOTIC__1ry5f4ya1jqje258va.jpg,321,214,304,448,518,769,88.08209593,241,160,23,183,183,424,72.33520662,160,107,215,293,322,453,78.15928617,voc_emotic_ava/EMOTIC__1ry5f4ya1jqje258va.jpg,804,536,0,0,536,804
69.87333127,patches/AVA__906200.jpg,319,215,172,358,387,677,65.91909355,239,161,327,228,488,467,60.82494844,159,107,154,244,261,403,61.35875447,voc_emotic_ava/AVA__906200.jpg,799,539,0,0,539,799
77.40629384,patches/AVA__926810.jpg,300,229,306,165,535,465,86.23423491,225,172,132,249,304,474,75.67548656,150,114,222,566,336,716,81.27902841,voc_emotic_ava/AVA__926810.jpg,750,574,0,0,574,750
90.1434869,patches/AVA__863433.jpg,320,215,134,94,349,414,78.48959824,240,161,346,87,507,327,61.13082627,160,107,429,361,536,521,80.63181306,voc_emotic_ava/AVA__863433.jpg,800,538,0,0,538,800
56.11927243,patches/AVA__926969.jpg,320,215,97,165,312,485,56.95799309,240,161,312,413,473,653,49.60692252,160,107,32,499,139,659,37.70451555,voc_emotic_ava/AVA__926969.jpg,800,538,0,0,538,800
67.01994301,patches/AVA__851421.jpg,320,215,195,38,410,358,72.19324871,240,161,232,541,393,781,54.92618039,160,107,397,627,504,787,60.37712443,voc_emotic_ava/AVA__851421.jpg,800,538,0,0,538,800
87.97622402,patches/AVA__835021.jpg,320,215,55,413,270,733,82.96544878,240,161,58,91,219,331,73.93932803,160,107,215,234,322,394,68.34791667,voc_emotic_ava/AVA__835021.jpg,800,538,0,0,538,800
76.17598573,patches/AVA__954806.jpg,320,215,0,121,215,441,78.12570809,240,161,240,141,401,381,73.12977062,160,107,142,608,249,768,63.49664343,voc_emotic_ava/AVA__954806.jpg,800,538,0,0,538,800
77.83184025,patches/AVA__872835.jpg,320,215,166,131,381,451,78.66865261,240,161,36,12,197,252,77.97207732,160,107,39,322,146,482,75.28356432,voc_emotic_ava/AVA__872835.jpg,800,538,0,0,538,800
75.00430132,patches/AVA__917443.jpg,320,215,265,447,480,767,78.38862692,240,161,83,133,244,373,77.28801016,160,107,216,261,323,421,69.65956542,voc_emotic_ava/AVA__917443.jpg,800,538,0,0,538,800
79.57368005,patches/AVA__894002.jpg,300,229,35,443,264,743,69.38542517,225,171,23,115,194,340,67.39689203,150,114,364,416,478,566,73.32919625,voc_emotic_ava/AVA__894002.jpg,750,573,0,0,573,750
83.71745774,patches/AVA__878107.jpg,320,214,138,425,352,745,69.41778552,240,161,131,143,292,383,54.32328083,160,107,428,495,535,655,69.23645629,voc_emotic_ava/AVA__878107.jpg,800,537,0,0,537,800
75.102888,patches/AVA__916962.jpg,320,214,194,424,408,744,70.65224915,240,161,71,530,232,770,62.1457533,160,107,34,193,141,353,67.65902437,voc_emotic_ava/AVA__916962.jpg,800,537,0,0,537,800
83.29029499,patches/AVA__915740.jpg,320,214,128,55,342,375,80.49252584,240,161,288,289,449,529,73.12587235,160,107,40,491,147,651,78.26162681,voc_emotic_ava/AVA__915740.jpg,800,537,0,0,537,800
74.06395486,patches/AVA__836698.jpg,320,214,146,210,360,530,79.45253109,240,161,171,477,332,717,75.51134668,160,107,392,232,499,392,78.57552308,voc_emotic_ava/AVA__836698.jpg,800,537,0,0,537,800
70.50017172,patches/AVA__905420.jpg,320,214,315,386,529,706,67.56422335,240,161,206,5,367,245,56.7065447,160,107,343,144,450,304,75.07835767,voc_emotic_ava/AVA__905420.jpg,800,537,0,0,537,800
83.5630375,patches/AVA__870166.jpg,320,214,157,178,371,498,74.33558597,240,161,356,140,517,380,74.55659291,160,107,53,453,160,613,78.60876539,voc_emotic_ava/AVA__870166.jpg,800,537,0,0,537,800
84.84966534,patches/AVA__865153.jpg,320,214,9,104,223,424,73.02462144,240,161,8,463,169,703,65.12276794,160,107,254,39,361,199,70.84489142,voc_emotic_ava/AVA__865153.jpg,800,537,0,0,537,800
82.78878272,patches/AVA__935421.jpg,320,214,226,265,440,585,81.35499476,240,161,323,560,484,800,75.69900685,160,107,127,478,234,638,75.83748473,voc_emotic_ava/AVA__935421.jpg,800,537,0,0,537,800
72.92737407,patches/AVA__834085.jpg,320,214,236,457,450,777,70.7115205,240,161,1,190,162,430,75.18932693,160,107,76,583,183,743,63.24504764,voc_emotic_ava/AVA__834085.jpg,800,537,0,0,537,800
74.58089747,patches/AVA__891013.jpg,320,214,169,250,383,570,75.82511489,240,161,17,83,178,323,66.67488148,160,107,6,516,113,676,69.90408709,voc_emotic_ava/AVA__891013.jpg,800,537,0,0,537,800
57.13034668,patches/AVA__921485.jpg,307,223,15,324,238,631,50.87234551,230,167,33,62,200,292,41.98591705,153,111,424,185,535,338,41.13361405,voc_emotic_ava/AVA__921485.jpg,768,559,0,0,559,768
77.68130683,patches/AVA__830609.jpg,288,238,139,316,377,604,74.30350242,216,178,299,40,477,256,75.82608937,144,119,71,558,190,702,77.25218437,voc_emotic_ava/AVA__830609.jpg,720,596,0,0,596,720
71.36972231,patches/AVA__879650.jpg,320,214,97,162,311,482,83.28432436,240,160,374,224,534,464,58.85255511,160,107,15,530,122,690,72.10993907,voc_emotic_ava/AVA__879650.jpg,800,536,0,0,536,800
72.22238927,patches/AVA__906650.jpg,320,214,29,165,243,485,74.30178958,240,160,202,329,362,569,72.01421641,160,107,107,615,214,775,73.65004302,voc_emotic_ava/AVA__906650.jpg,800,536,0,0,536,800
65.60948516,patches/AVA__899426.jpg,320,214,143,266,357,586,54.17944658,240,160,350,503,510,743,59.28438805,160,107,344,212,451,372,63.71020148,voc_emotic_ava/AVA__899426.jpg,800,536,0,0,536,800
77.12626144,patches/AVA__943919.jpg,320,214,134,121,348,441,71.05329249,240,160,250,488,410,728,65.15072993,160,107,428,77,535,237,69.32218348,voc_emotic_ava/AVA__943919.jpg,800,536,0,0,536,800
73.72864692,patches/AVA__922223.jpg,320,214,308,369,522,689,74.28879142,240,160,311,49,471,289,69.01143173,160,107,153,261,260,421,69.36036972,voc_emotic_ava/AVA__922223.jpg,800,536,0,0,536,800
85.91915408,patches/AVA__850189.jpg,320,214,222,90,436,410,76.37185134,240,160,300,449,460,689,83.24653444,160,107,186,406,293,566,79.06767601,voc_emotic_ava/AVA__850189.jpg,800,536,0,0,536,800
78.76715961,patches/AVA__943147.jpg,320,214,179,338,393,658,74.63080304,240,160,89,207,249,447,71.820081,160,107,333,588,440,748,68.5209067,voc_emotic_ava/AVA__943147.jpg,800,536,0,0,536,800
70.36170028,patches/AVA__854570.jpg,320,214,212,400,426,720,54.45196027,240,160,21,541,181,781,68.98656253,160,107,409,273,516,433,62.38197723,voc_emotic_ava/AVA__854570.jpg,800,536,0,0,536,800
67.07031493,patches/AVA__884449.jpg,320,214,71,153,285,473,61.64146955,240,160,177,475,337,715,60.8651037,160,107,320,423,427,583,59.4747078,voc_emotic_ava/AVA__884449.jpg,800,536,0,0,536,800
77.23923912,patches/AVA__944857.jpg,320,214,219,237,433,557,65.36932863,240,160,361,557,521,797,78.90621418,160,107,72,90,179,250,74.72138041,voc_emotic_ava/AVA__944857.jpg,800,536,0,0,536,800
83.63768188,patches/AVA__938079.jpg,320,214,206,187,420,507,77.98239102,240,160,196,507,356,747,87.17166502,160,107,132,64,239,224,77.39701733,voc_emotic_ava/AVA__938079.jpg,800,536,0,0,536,800
92.04127297,patches/AVA__876548.jpg,320,214,201,240,415,560,74.57606988,240,160,238,550,398,790,72.7351358,160,107,378,535,485,695,76.9337126,voc_emotic_ava/AVA__876548.jpg,800,536,0,0,536,800
77.6658919,patches/AVA__939370.jpg,320,214,311,343,525,663,66.14752046,240,160,356,35,516,275,71.92766402,160,107,174,168,281,328,75.68222379,voc_emotic_ava/AVA__939370.jpg,800,536,0,0,536,800
58.81168597,patches/AVA__891149.jpg,320,214,296,348,510,668,79.37466352,240,160,108,469,268,709,58.7208954,160,107,347,159,454,319,61.31439097,voc_emotic_ava/AVA__891149.jpg,800,536,0,0,536,800
76.74159542,patches/AVA__900572.jpg,320,214,213,194,427,514,82.5529588,240,160,61,295,221,535,73.69867428,160,107,429,306,536,466,79.66128958,voc_emotic_ava/AVA__900572.jpg,800,536,0,0,536,800
84.64578414,patches/AVA__862891.jpg,320,214,187,361,401,681,81.07911037,240,160,45,247,205,487,65.68788026,160,107,397,596,504,756,75.4164718,voc_emotic_ava/AVA__862891.jpg,800,536,0,0,536,800
67.99441009,patches/AVA__905057.jpg,320,214,290,263,504,583,73.60427414,240,160,142,472,302,712,61.82795971,160,107,130,130,237,290,63.80274944,voc_emotic_ava/AVA__905057.jpg,800,536,0,0,536,800
77.88344583,patches/AVA__862520.jpg,320,214,1,240,215,560,68.09958502,240,160,219,220,379,460,80.72422794,160,107,32,101,139,261,66.14557545,voc_emotic_ava/AVA__862520.jpg,800,536,0,0,536,800
86.51606935,patches/AVA__862162.jpg,320,214,166,271,380,591,80.95568402,240,160,299,515,459,755,49.14584681,160,107,24,578,131,738,79.24775131,voc_emotic_ava/AVA__862162.jpg,800,536,0,0,536,800
79.82535271,patches/AVA__899517.jpg,320,214,189,452,403,772,71.52404363,240,160,13,350,173,590,66.57465384,160,107,83,196,190,356,70.75402952,voc_emotic_ava/AVA__899517.jpg,800,536,0,0,536,800
74.09797133,patches/AVA__952322.jpg,320,214,286,393,500,713,73.25452013,240,160,107,539,267,779,81.22129767,160,107,24,104,131,264,65.85086068,voc_emotic_ava/AVA__952322.jpg,800,536,0,0,536,800
82.01226172,patches/AVA__946084.jpg,320,214,126,385,340,705,73.64228661,240,160,188,80,348,320,69.68033908,160,107,41,479,148,639,62.13670067,voc_emotic_ava/AVA__946084.jpg,800,536,0,0,536,800
77.52938411,patches/AVA__904665.jpg,320,214,262,81,476,401,75.50693781,240,160,237,476,397,716,74.9592107,160,107,389,440,496,600,75.16420524,voc_emotic_ava/AVA__904665.jpg,800,536,0,0,536,800
73.53935228,patches/AVA__933004.jpg,320,214,202,228,416,548,71.43297788,240,160,148,78,308,318,74.76371104,160,107,0,115,107,275,73.35263283,voc_emotic_ava/AVA__933004.jpg,800,536,0,0,536,800
70.33537083,patches/AVA__913596.jpg,320,214,193,287,407,607,75.94261003,240,160,167,9,327,249,68.80215831,160,107,406,212,513,372,65.34536696,voc_emotic_ava/AVA__913596.jpg,800,536,0,0,536,800
68.42343853,patches/EMOTIC__sun_aixtfwnmkcsyyzck.jpg,320,214,59,447,273,767,70.63622585,240,160,369,156,529,396,67.91006309,160,107,362,567,469,727,72.06141288,voc_emotic_ava/EMOTIC__sun_aixtfwnmkcsyyzck.jpg,800,536,0,0,536,800
81.22155982,patches/AVA__834430.jpg,320,214,29,4,243,324,79.61643957,240,160,184,245,344,485,77.06340137,160,107,93,415,200,575,70.42291665,voc_emotic_ava/AVA__834430.jpg,800,536,0,0,536,800
73.90686237,patches/AVA__857884.jpg,320,214,147,256,361,576,61.48278681,240,160,329,327,489,567,57.70375201,160,107,14,63,121,223,86.20489153,voc_emotic_ava/AVA__857884.jpg,800,536,0,0,536,800
85.33531199,patches/AVA__447819.jpg,288,238,54,78,292,366,71.04872854,216,178,265,462,443,678,76.14246601,144,119,420,438,539,582,69.26142469,voc_emotic_ava/AVA__447819.jpg,720,595,0,0,595,720
66.44312077,patches/AVA__945197.jpg,320,214,221,425,435,745,72.93247645,240,160,37,484,197,724,62.37629161,160,107,144,213,251,373,74.88733345,voc_emotic_ava/AVA__945197.jpg,800,535,0,0,535,800
72.89210567,patches/AVA__909309.jpg,320,214,141,75,355,395,80.9347862,240,160,35,253,195,493,74.12088146,160,107,294,579,401,739,77.03175249,voc_emotic_ava/AVA__909309.jpg,800,535,0,0,535,800
66.05049607,patches/AVA__856178.jpg,320,214,159,111,373,431,70.42166541,240,160,367,204,527,444,65.56320077,160,107,346,475,453,635,68.11122042,voc_emotic_ava/AVA__856178.jpg,800,535,0,0,535,800
86.93166713,patches/AVA__894680.jpg,320,214,297,453,511,773,66.97685075,240,160,310,213,470,453,70.96736906,160,107,269,53,376,213,74.11184486,voc_emotic_ava/AVA__894680.jpg,800,535,0,0,535,800
74.30327861,patches/AVA__855853.jpg,320,214,89,288,303,608,67.81609617,240,160,100,9,260,249,72.37604961,160,107,252,58,359,218,72.38117663,voc_emotic_ava/AVA__855853.jpg,800,535,0,0,535,800
71.19679792,patches/AVA__944407.jpg,320,214,56,379,270,699,71.36242354,240,160,184,243,344,483,78.65508198,160,107,396,101,503,261,65.37186,voc_emotic_ava/AVA__944407.jpg,800,535,0,0,535,800
67.83833773,patches/AVA__861348.jpg,320,214,212,115,426,435,76.15610784,240,160,111,315,271,555,62.99444248,160,107,265,409,372,569,70.40165454,voc_emotic_ava/AVA__861348.jpg,800,535,0,0,535,800
77.71294733,patches/AVA__883639.jpg,320,214,52,418,266,738,56.65953971,240,160,267,331,427,571,40.6127727,160,107,31,162,138,322,63.92779152,voc_emotic_ava/AVA__883639.jpg,800,535,0,0,535,800
77.64095027,patches/AVA__849099.jpg,320,214,219,160,433,480,76.17614784,240,160,149,478,309,718,74.43381551,160,107,208,24,315,184,76.57036051,voc_emotic_ava/AVA__849099.jpg,800,535,0,0,535,800
70.44367337,patches/AVA__898906.jpg,320,214,65,311,279,631,52.07716038,240,160,101,0,261,240,62.28356449,160,107,397,333,504,493,72.36935542,voc_emotic_ava/AVA__898906.jpg,800,535,0,0,535,800
78.44139874,patches/AVA__836942.jpg,248,276,329,347,605,595,70.93989639,186,207,343,111,550,297,46.40085658,124,138,8,73,146,197,68.11639476,voc_emotic_ava/AVA__836942.jpg,620,690,0,0,690,620
74.42538912,patches/AVA__791789.jpg,288,237,256,138,493,426,74.3965821,216,178,125,384,303,600,77.4528412,144,118,434,435,552,579,74.51771415,voc_emotic_ava/AVA__791789.jpg,720,594,0,0,594,720
77.08723442,patches/AVA__944014.jpg,318,214,184,77,398,395,75.16198616,238,161,124,544,285,782,75.90996157,159,107,266,414,373,573,71.56116429,voc_emotic_ava/AVA__944014.jpg,796,537,0,0,537,796
67.13032801,patches/AVA__899167.jpg,320,213,141,224,354,544,59.78822042,240,160,329,260,489,500,57.69702626,160,106,163,22,269,182,63.70665216,voc_emotic_ava/AVA__899167.jpg,800,534,0,0,534,800
76.32715067,patches/AVA__917024.jpg,320,213,283,368,496,688,75.14081827,240,160,111,151,271,391,61.10844105,160,106,24,260,130,420,69.06231609,voc_emotic_ava/AVA__917024.jpg,800,534,0,0,534,800
74.9389526,patches/AVA__894138.jpg,320,213,248,240,461,560,85.30032685,240,160,322,513,482,753,67.61351249,160,106,31,530,137,690,69.33881646,voc_emotic_ava/AVA__894138.jpg,800,534,0,0,534,800
78.59785245,patches/AVA__946644.jpg,320,213,127,444,340,764,67.6276737,240,160,289,46,449,286,64.84678062,160,106,53,26,159,186,51.00292537,voc_emotic_ava/AVA__946644.jpg,800,534,0,0,534,800
78.70294245,patches/AVA__910953.jpg,320,213,35,104,248,424,60.42383543,240,160,208,521,368,761,62.02061796,160,106,63,611,169,771,70.50051943,voc_emotic_ava/AVA__910953.jpg,800,534,0,0,534,800
71.32212114,patches/AVA__952951.jpg,320,213,267,60,480,380,76.65569186,240,160,42,417,202,657,69.99866007,160,106,420,334,526,494,81.46389484,voc_emotic_ava/AVA__952951.jpg,800,534,0,0,534,800
73.54399864,patches/AVA__912009.jpg,320,213,60,268,273,588,66.63400132,240,160,354,180,514,420,56.86729469,160,106,348,637,454,797,71.62039696,voc_emotic_ava/AVA__912009.jpg,800,534,0,0,534,800
79.26217347,patches/EMOTIC__eyj87lggu6ezrn9zho.jpg,320,213,23,186,236,506,80.4283755,240,160,275,221,435,461,60.99381501,160,106,4,576,110,736,69.60751838,voc_emotic_ava/EMOTIC__eyj87lggu6ezrn9zho.jpg,800,534,0,0,534,800
65.18843127,patches/AVA__931720.jpg,320,213,123,461,336,781,56.43753174,240,160,264,104,424,344,46.80944513,160,106,337,390,443,550,61.35163257,voc_emotic_ava/AVA__931720.jpg,800,534,0,0,534,800
79.53660399,patches/AVA__839916.jpg,320,213,250,50,463,370,76.72510051,240,160,91,115,251,355,53.46746914,160,106,150,610,256,770,75.10053515,voc_emotic_ava/AVA__839916.jpg,800,534,0,0,534,800
63.30966791,patches/AVA__903436.jpg,320,213,118,423,331,743,50.90580459,240,160,57,35,217,275,55.78777295,160,106,404,605,510,765,55.68037698,voc_emotic_ava/AVA__903436.jpg,800,534,0,0,534,800
71.72631977,patches/AVA__903195.jpg,320,213,125,408,338,728,71.30877724,240,160,168,61,328,301,58.13989701,160,106,54,222,160,382,68.59053537,voc_emotic_ava/AVA__903195.jpg,800,534,0,0,534,800
81.52788892,patches/AVA__851002.jpg,320,213,58,234,271,554,73.95118359,240,160,372,43,532,283,76.58279858,160,106,313,555,419,715,84.3318807,voc_emotic_ava/AVA__851002.jpg,800,534,0,0,534,800
60.41332146,patches/AVA__923855.jpg,320,213,78,85,291,405,56.61861951,240,160,71,552,231,792,72.67158343,160,106,411,42,517,202,72.57810809,voc_emotic_ava/AVA__923855.jpg,800,534,0,0,534,800
76.73840321,patches/AVA__880201.jpg,320,213,318,154,531,474,60.20821005,240,160,220,335,380,575,75.36845726,160,106,136,126,242,286,72.23086785,voc_emotic_ava/AVA__880201.jpg,800,534,0,0,534,800
78.22310956,patches/AVA__934262.jpg,320,213,113,17,326,337,73.15104508,240,160,275,253,435,493,72.50030188,160,106,409,253,515,413,74.77521905,voc_emotic_ava/AVA__934262.jpg,800,534,0,0,534,800
86.7107321,patches/AVA__848816.jpg,320,213,300,148,513,468,80.00982607,240,160,100,232,260,472,64.75548603,160,106,21,389,127,549,70.74534495,voc_emotic_ava/AVA__848816.jpg,800,534,0,0,534,800
77.09867916,patches/AVA__867379.jpg,320,213,6,138,219,458,75.93733476,240,160,183,544,343,784,69.07676455,160,106,259,404,365,564,78.35169176,voc_emotic_ava/AVA__867379.jpg,800,534,0,0,534,800
72.75953971,patches/AVA__922797.jpg,320,213,115,251,328,571,70.86890645,240,160,301,277,461,517,73.03129243,160,106,302,546,408,706,65.83589409,voc_emotic_ava/AVA__922797.jpg,800,534,0,0,534,800
76.94494674,patches/EMOTIC__sun_acjkowywemvcqzvz.jpg,320,213,80,265,293,585,74.77346586,240,160,262,424,422,664,72.58931916,160,106,338,241,444,401,74.49601309,voc_emotic_ava/EMOTIC__sun_acjkowywemvcqzvz.jpg,800,534,0,0,534,800
78.38106436,patches/AVA__953889.jpg,320,213,37,169,250,489,81.43043379,240,160,169,411,329,651,63.79256943,160,106,367,553,473,713,77.17270316,voc_emotic_ava/AVA__953889.jpg,800,534,0,0,534,800
76.43450718,patches/AVA__905274.jpg,320,213,309,121,522,441,75.46288587,240,160,75,210,235,450,76.41775235,160,106,335,568,441,728,80.92657901,voc_emotic_ava/AVA__905274.jpg,800,534,0,0,534,800
86.02170787,patches/AVA__888359.jpg,320,213,50,0,263,320,68.06340356,240,160,84,314,244,554,70.82289798,160,106,330,92,436,252,65.89180763,voc_emotic_ava/AVA__888359.jpg,800,534,0,0,534,800
78.77547992,patches/AVA__850719.jpg,320,213,180,374,393,694,75.48647992,240,160,255,30,415,270,65.23813009,160,106,73,315,179,475,82.29004534,voc_emotic_ava/AVA__850719.jpg,800,534,0,0,534,800
74.8534479,patches/AVA__933059.jpg,244,280,266,194,546,438,71.94264764,183,210,357,425,567,608,56.02813261,122,140,540,431,680,553,73.71717958,voc_emotic_ava/AVA__933059.jpg,610,700,0,0,700,610
46.59884423,patches/AVA__726370.jpg,288,237,5,11,242,299,74.04585391,216,177,376,246,553,462,68.60220316,144,118,203,253,321,397,70.40649406,voc_emotic_ava/AVA__726370.jpg,720,593,0,0,593,720
80.13547872,patches/AVA__931142.jpg,300,227,142,230,369,530,77.20513416,225,170,47,74,217,299,70.31594774,150,113,360,587,473,737,79.62636647,voc_emotic_ava/AVA__931142.jpg,750,569,0,0,569,750
71.57888267,patches/AVA__942069.jpg,318,214,297,171,511,489,50.13116833,238,160,13,20,173,258,54.60147559,159,107,393,483,500,642,77.51904429,voc_emotic_ava/AVA__942069.jpg,796,536,0,0,536,796
72.94849967,patches/AVA__889194.jpg,317,215,10,18,225,335,64.97916917,237,161,333,502,494,739,79.11374117,158,107,269,123,376,281,75.90042206,voc_emotic_ava/AVA__889194.jpg,793,538,0,0,538,793
84.42694826,patches/AVA__909292.jpg,320,213,184,371,397,691,76.27699214,240,159,212,84,371,324,76.87542456,160,106,66,306,172,466,83.49214848,voc_emotic_ava/AVA__909292.jpg,800,533,0,0,533,800
82.35422372,patches/AVA__878715.jpg,320,213,122,339,335,659,61.72243674,240,159,336,545,495,785,84.95928617,160,106,41,413,147,573,77.62044292,voc_emotic_ava/AVA__878715.jpg,800,533,0,0,533,800
89.63189633,patches/AVA__903718.jpg,320,213,137,417,350,737,72.56653647,240,159,49,185,208,425,60.32730621,160,106,39,482,145,642,71.89327232,voc_emotic_ava/AVA__903718.jpg,800,533,0,0,533,800
81.54803689,patches/AVA__894697.jpg,320,213,119,441,332,761,74.65555733,240,159,68,122,227,362,64.06918552,160,106,232,235,338,395,77.20727015,voc_emotic_ava/AVA__894697.jpg,800,533,0,0,533,800
84.75706795,patches/AVA__887446.jpg,320,213,252,396,465,716,64.69872949,240,159,345,108,504,348,74.89821736,160,106,257,200,363,360,71.43328403,voc_emotic_ava/AVA__887446.jpg,800,533,0,0,533,800
82.85231229,patches/AVA__894211.jpg,320,213,226,405,439,725,80.73699624,240,159,221,147,380,387,69.90332136,160,106,412,251,518,411,73.60267082,voc_emotic_ava/AVA__894211.jpg,800,533,0,0,533,800
53.42716576,patches/AVA__879982.jpg,320,213,280,403,493,723,74.8655627,240,159,67,102,226,342,73.16376233,160,106,162,478,268,638,47.43694644,voc_emotic_ava/AVA__879982.jpg,800,533,0,0,533,800
55.05155873,patches/AVA__908229.jpg,320,213,220,40,433,360,56.55955047,240,159,63,473,222,713,45.06184836,160,106,90,77,196,237,50.77357906,voc_emotic_ava/AVA__908229.jpg,800,533,0,0,533,800
80.67183968,patches/AVA__893795.jpg,320,213,215,52,428,372,76.59259426,240,159,155,514,314,754,69.52452276,160,106,369,496,475,656,66.49622497,voc_emotic_ava/AVA__893795.jpg,800,533,0,0,533,800
79.87216366,patches/AVA__904967.jpg,320,213,96,335,309,655,77.05214365,240,159,169,137,328,377,77.20744568,160,106,239,637,345,797,79.51768931,voc_emotic_ava/AVA__904967.jpg,800,533,0,0,533,800
79.97690816,patches/AVA__893534.jpg,320,213,102,268,315,588,73.25019283,240,159,304,275,463,515,69.20287611,160,106,269,110,375,270,73.55801006,voc_emotic_ava/AVA__893534.jpg,800,533,0,0,533,800
65.24370415,patches/AVA__867121.jpg,320,213,80,110,293,430,49.71508858,240,159,259,535,418,775,67.71954454,160,106,345,148,451,308,71.09696928,voc_emotic_ava/AVA__867121.jpg,800,533,0,0,533,800
76.29456466,patches/AVA__900504.jpg,320,213,164,149,377,469,51.08234244,240,159,354,329,513,569,59.12255913,160,106,407,6,513,166,67.34999994,voc_emotic_ava/AVA__900504.jpg,800,533,0,0,533,800
78.52589939,patches/AVA__896072.jpg,320,213,18,30,231,350,73.82087649,240,159,59,334,218,574,63.37449648,160,106,53,541,159,701,68.0049491,voc_emotic_ava/AVA__896072.jpg,800,533,0,0,533,800
77.23512422,patches/AVA__896832.jpg,320,213,283,413,496,733,70.41601539,240,159,173,175,332,415,72.72603852,160,106,309,291,415,451,72.35419772,voc_emotic_ava/AVA__896832.jpg,800,533,0,0,533,800
68.0803971,patches/AVA__900589.jpg,320,213,57,57,270,377,59.3247158,240,159,100,388,259,628,56.98190439,160,106,418,77,524,237,76.95742234,voc_emotic_ava/AVA__900589.jpg,800,533,0,0,533,800
79.39475414,patches/AVA__891629.jpg,320,213,105,55,318,375,79.60257604,240,159,274,264,433,504,75.81630243,160,106,362,525,468,685,69.82310793,voc_emotic_ava/AVA__891629.jpg,800,533,0,0,533,800
77.17123652,patches/AVA__899083.jpg,320,213,128,74,341,394,73.86954448,240,159,56,391,215,631,79.25658522,160,106,55,8,161,168,68.53080043,voc_emotic_ava/AVA__899083.jpg,800,533,0,0,533,800
74.38178789,patches/AVA__857529.jpg,320,213,241,185,454,505,75.71860243,240,159,193,514,352,754,67.53718055,160,106,16,577,122,737,69.50139404,voc_emotic_ava/AVA__857529.jpg,800,533,0,0,533,800
80.72034141,patches/AVA__885025.jpg,320,213,249,179,462,499,67.48430787,240,159,310,522,469,762,72.1146373,160,106,333,27,439,187,76.45238526,voc_emotic_ava/AVA__885025.jpg,800,533,0,0,533,800
79.98031314,patches/AVA__886541.jpg,320,213,320,231,533,551,77.66713061,240,159,165,249,324,489,78.79820682,160,106,90,448,196,608,80.17512861,voc_emotic_ava/AVA__886541.jpg,800,533,0,0,533,800
62.56730654,patches/AVA__886979.jpg,320,213,118,476,331,796,61.20075105,240,159,37,293,196,533,69.30458223,160,106,399,97,505,257,62.13515582,voc_emotic_ava/AVA__886979.jpg,800,533,0,0,533,800
61.08254694,patches/AVA__900772.jpg,320,213,233,126,446,446,64.22498464,240,159,35,439,194,679,45.47399327,160,106,394,369,500,529,66.28346377,voc_emotic_ava/AVA__900772.jpg,800,533,0,0,533,800
67.09644093,patches/AVA__884836.jpg,320,213,77,214,290,534,76.19903876,240,159,276,443,435,683,70.17889994,160,106,237,29,343,189,63.02638455,voc_emotic_ava/AVA__884836.jpg,800,533,0,0,533,800
76.59910532,patches/AVA__883447.jpg,320,213,214,98,427,418,72.51189806,240,159,71,486,230,726,61.70465258,160,106,423,54,529,214,83.96136312,voc_emotic_ava/AVA__883447.jpg,800,533,0,0,533,800
76.84373975,patches/AVA__906398.jpg,320,213,71,409,284,729,64.66913949,240,159,372,120,531,360,73.7420221,160,106,273,236,379,396,81.89737486,voc_emotic_ava/AVA__906398.jpg,800,533,0,0,533,800
66.09267092,patches/AVA__906414.jpg,320,213,170,32,383,352,78.28560065,240,159,232,507,391,747,75.21572537,160,106,136,566,242,726,79.21288388,voc_emotic_ava/AVA__906414.jpg,800,533,0,0,533,800
81.88196145,patches/AVA__882563.jpg,320,213,63,112,276,432,84.4805535,240,159,349,322,508,562,81.1641703,160,106,269,566,375,726,89.83567359,voc_emotic_ava/AVA__882563.jpg,800,533,0,0,533,800
84.46693665,patches/AVA__860652.jpg,320,213,19,472,232,792,83.65256746,240,159,32,216,191,456,57.52999016,160,106,329,110,435,270,75.71569761,voc_emotic_ava/AVA__860652.jpg,800,533,0,0,533,800
65.68563322,patches/AVA__878729.jpg,320,213,89,126,302,446,62.84134806,240,159,347,474,506,714,68.15138807,160,106,365,335,471,495,73.63656712,voc_emotic_ava/AVA__878729.jpg,800,533,0,0,533,800
76.97628408,patches/AVA__882033.jpg,320,213,233,60,446,380,81.46379368,240,159,213,319,372,559,60.24941004,160,106,375,502,481,662,68.29175502,voc_emotic_ava/AVA__882033.jpg,800,533,0,0,533,800
83.43977746,patches/AVA__902668.jpg,320,213,50,120,263,440,70.38717742,240,159,2,470,161,710,72.57509189,160,106,302,305,408,465,77.4556822,voc_emotic_ava/AVA__902668.jpg,800,533,0,0,533,800
75.18637529,patches/AVA__885884.jpg,320,213,284,89,497,409,77.25288498,240,159,222,504,381,744,56.92604226,160,106,19,121,125,281,64.69102477,voc_emotic_ava/AVA__885884.jpg,800,533,0,0,533,800
62.42738166,patches/AVA__878721.jpg,320,213,320,19,533,339,74.87429524,240,159,93,198,252,438,63.55962461,160,106,404,429,510,589,65.24672767,voc_emotic_ava/AVA__878721.jpg,800,533,0,0,533,800
74.1314139,patches/AVA__879301.jpg,320,213,248,429,461,749,79.73134501,240,159,238,120,397,360,67.50740433,160,106,48,548,154,708,70.93387379,voc_emotic_ava/AVA__879301.jpg,800,533,0,0,533,800
72.02589087,patches/AVA__911952.jpg,320,213,175,361,388,681,78.90934072,240,159,370,58,529,298,57.99304676,160,106,41,573,147,733,64.23179714,voc_emotic_ava/AVA__911952.jpg,800,533,0,0,533,800
79.84281415,patches/AVA__911032.jpg,320,213,176,383,389,703,77.31443528,240,159,240,93,399,333,72.07428223,160,106,71,432,177,592,76.22479274,voc_emotic_ava/AVA__911032.jpg,800,533,0,0,533,800
76.54115479,patches/AVA__940680.jpg,320,213,116,127,329,447,49.2115426,240,159,57,469,216,709,53.13418194,160,106,386,498,492,658,64.88419453,voc_emotic_ava/AVA__940680.jpg,800,533,0,0,533,800
72.61903566,patches/AVA__855555.jpg,320,213,177,215,390,535,62.16274445,240,159,88,455,247,695,65.49255898,160,106,194,68,300,228,71.86161132,voc_emotic_ava/AVA__855555.jpg,800,533,0,0,533,800
86.22083449,patches/AVA__955877.jpg,320,213,253,423,466,743,94.04439293,240,159,43,380,202,620,65.03292547,160,106,381,20,487,180,81.44632428,voc_emotic_ava/AVA__955877.jpg,800,533,0,0,533,800
77.67175587,patches/AVA__953985.jpg,320,213,179,270,392,590,55.8562606,240,159,39,221,198,461,71.02247119,160,106,348,92,454,252,63.86050325,voc_emotic_ava/AVA__953985.jpg,800,533,0,0,533,800
60.73965727,patches/AVA__953648.jpg,320,213,268,51,481,371,67.21750973,240,159,325,475,484,715,66.64759851,160,106,63,87,169,247,60.77217081,voc_emotic_ava/AVA__953648.jpg,800,533,0,0,533,800
73.0289541,patches/AVA__953507.jpg,320,213,115,171,328,491,70.89590741,240,159,215,476,374,716,64.89858307,160,106,180,39,286,199,68.39416099,voc_emotic_ava/AVA__953507.jpg,800,533,0,0,533,800
76.14450648,patches/AVA__953197.jpg,320,213,230,126,443,446,88.56240211,240,159,214,490,373,730,57.05275419,160,106,403,62,509,222,78.55012131,voc_emotic_ava/AVA__953197.jpg,800,533,0,0,533,800
61.02254806,patches/AVA__856671.jpg,320,213,292,432,505,752,87.58807544,240,159,178,54,337,294,73.66771577,160,106,39,296,145,456,56.46231104,voc_emotic_ava/AVA__856671.jpg,800,533,0,0,533,800
78.0462193,patches/AVA__952402.jpg,320,213,87,339,300,659,59.50183823,240,159,279,493,438,733,53.58945558,160,106,379,92,485,252,69.57482548,voc_emotic_ava/AVA__952402.jpg,800,533,0,0,533,800
78.48536289,patches/AVA__951918.jpg,320,213,314,197,527,517,78.18405655,240,159,2,227,161,467,68.85949945,160,106,215,511,321,671,71.70567368,voc_emotic_ava/AVA__951918.jpg,800,533,0,0,533,800
78.82456381,patches/AVA__951839.jpg,320,213,204,173,417,493,63.72044148,240,159,43,76,202,316,73.96888554,160,106,408,137,514,297,69.4208319,voc_emotic_ava/AVA__951839.jpg,800,533,0,0,533,800
76.46397575,patches/AVA__947135.jpg,320,213,80,49,293,369,80.83992647,240,159,305,182,464,422,68.90740814,160,106,312,555,418,715,74.33507791,voc_emotic_ava/AVA__947135.jpg,800,533,0,0,533,800
85.22650948,patches/AVA__940301.jpg,320,213,128,208,341,528,70.17467461,240,159,133,501,292,741,69.80512043,160,106,65,449,171,609,73.75261225,voc_emotic_ava/AVA__940301.jpg,800,533,0,0,533,800
77.07751629,patches/AVA__936611.jpg,320,213,286,313,499,633,75.37766877,240,159,127,444,286,684,66.09433371,160,106,1,535,107,695,75.7261623,voc_emotic_ava/AVA__936611.jpg,800,533,0,0,533,800
79.6247221,patches/AVA__948936.jpg,320,213,156,60,369,380,78.84661463,240,159,318,380,477,620,71.63246965,160,106,191,616,297,776,78.10554231,voc_emotic_ava/AVA__948936.jpg,800,533,0,0,533,800
73.03366397,patches/AVA__948285.jpg,320,213,140,302,353,622,53.61223,240,159,312,257,471,497,59.28266629,160,106,366,89,472,249,53.27601771,voc_emotic_ava/AVA__948285.jpg,800,533,0,0,533,800
86.17120763,patches/AVA__948001.jpg,320,213,55,354,268,674,71.81917571,240,159,138,52,297,292,74.18689309,160,106,262,496,368,656,75.29212228,voc_emotic_ava/AVA__948001.jpg,800,533,0,0,533,800
74.55328916,patches/AVA__859262.jpg,320,213,97,195,310,515,68.33974637,240,159,7,32,166,272,67.18138025,160,106,380,617,486,777,63.99993367,voc_emotic_ava/AVA__859262.jpg,800,533,0,0,533,800
77.67884533,patches/AVA__947759.jpg,320,213,30,201,243,521,38.45472207,240,159,46,558,205,798,64.58534954,160,106,421,584,527,744,72.97137817,voc_emotic_ava/AVA__947759.jpg,800,533,0,0,533,800
84.00123344,patches/AVA__947728.jpg,320,213,176,158,389,478,73.35313073,240,159,331,24,490,264,58.15018837,160,106,347,483,453,643,77.41626994,voc_emotic_ava/AVA__947728.jpg,800,533,0,0,533,800
79.10779381,patches/AVA__947307.jpg,320,213,207,294,420,614,57.64579709,240,159,176,73,335,313,67.54287801,160,106,6,505,112,665,66.33556692,voc_emotic_ava/AVA__947307.jpg,800,533,0,0,533,800
63.73816473,patches/AVA__947088.jpg,320,213,44,245,257,565,58.39654428,240,159,35,531,194,771,56.92946245,160,106,397,542,503,702,55.56017948,voc_emotic_ava/AVA__947088.jpg,800,533,0,0,533,800
74.66373838,patches/AVA__946948.jpg,320,213,93,176,306,496,75.95250516,240,159,278,209,437,449,69.64492462,160,106,372,505,478,665,70.49341639,voc_emotic_ava/AVA__946948.jpg,800,533,0,0,533,800
83.9917519,patches/AVA__945808.jpg,320,213,168,337,381,657,77.88585486,240,159,319,158,478,398,79.69649769,160,106,213,119,319,279,78.47101588,voc_emotic_ava/AVA__945808.jpg,800,533,0,0,533,800
75.70364387,patches/AVA__861102.jpg,320,213,168,183,381,503,68.90013745,240,159,83,71,242,311,68.80268512,160,106,410,131,516,291,63.14531791,voc_emotic_ava/AVA__861102.jpg,800,533,0,0,533,800
71.82361987,patches/AVA__944495.jpg,320,213,155,132,368,452,79.83034769,240,159,316,272,475,512,62.02790912,160,106,22,627,128,787,71.91766146,voc_emotic_ava/AVA__944495.jpg,800,533,0,0,533,800
78.89613383,patches/AVA__943928.jpg,320,213,129,338,342,658,75.11122028,240,159,307,293,466,533,66.24048459,160,106,136,136,242,296,68.19516328,voc_emotic_ava/AVA__943928.jpg,800,533,0,0,533,800
72.33476036,patches/AVA__911237.jpg,320,213,173,423,386,743,49.97022697,240,159,328,22,487,262,64.55966669,160,106,417,563,523,723,67.4707275,voc_emotic_ava/AVA__911237.jpg,800,533,0,0,533,800
81.75458176,patches/AVA__942365.jpg,320,213,211,411,424,731,65.27916604,240,159,80,516,239,756,50.75940412,160,106,344,32,450,192,77.22569703,voc_emotic_ava/AVA__942365.jpg,800,533,0,0,533,800
82.82643556,patches/AVA__861913.jpg,320,213,136,65,349,385,75.65282253,240,159,337,51,496,291,77.53537563,160,106,48,486,154,646,75.47092082,voc_emotic_ava/AVA__861913.jpg,800,533,0,0,533,800
73.50849012,patches/AVA__957184.jpg,320,213,36,290,249,610,83.43032391,240,159,365,215,524,455,72.99963172,160,106,356,466,462,626,74.83083553,voc_emotic_ava/AVA__957184.jpg,800,533,0,0,533,800
82.87820111,patches/AVA__851593.jpg,320,213,11,424,224,744,71.41569116,240,159,224,522,383,762,62.19744534,160,106,48,88,154,248,74.58249043,voc_emotic_ava/AVA__851593.jpg,800,533,0,0,533,800
57.06654745,patches/AVA__847719.jpg,320,213,182,69,395,389,76.05291086,240,159,58,442,217,682,76.77248438,160,106,272,400,378,560,70.8054407,voc_emotic_ava/AVA__847719.jpg,800,533,0,0,533,800
72.57731599,patches/AVA__843253.jpg,320,213,219,216,432,536,66.5564534,240,159,361,102,520,342,50.65441332,160,106,44,217,150,377,76.70814459,voc_emotic_ava/AVA__843253.jpg,800,533,0,0,533,800
67.48928662,patches/AVA__833673.jpg,320,213,10,336,223,656,77.27516842,240,159,228,129,387,369,75.17466309,160,106,344,619,450,779,65.6905717,voc_emotic_ava/AVA__833673.jpg,800,533,0,0,533,800
80.07075119,patches/AVA__835002.jpg,320,213,270,287,483,607,88.44682111,240,159,134,185,293,425,73.84704073,160,106,69,508,175,668,78.45490187,voc_emotic_ava/AVA__835002.jpg,800,533,0,0,533,800
80.86628573,patches/AVA__836314.jpg,320,213,119,234,332,554,75.17191499,240,159,355,77,514,317,78.52356894,160,106,142,538,248,698,72.2698917,voc_emotic_ava/AVA__836314.jpg,800,533,0,0,533,800
74.2610063,patches/AVA__836338.jpg,320,213,8,419,221,739,79.16202287,240,159,186,213,345,453,69.79068652,160,106,362,370,468,530,73.74665078,voc_emotic_ava/AVA__836338.jpg,800,533,0,0,533,800
80.42482996,patches/AVA__836771.jpg,320,213,207,126,420,446,82.52178425,240,159,22,159,181,399,59.30558355,160,106,163,512,269,672,72.37505547,voc_emotic_ava/AVA__836771.jpg,800,533,0,0,533,800
71.16606659,patches/AVA__838572.jpg,320,213,220,2,433,322,45.93157304,240,159,40,538,199,778,53.94515492,160,106,40,232,146,392,50.34424692,voc_emotic_ava/AVA__838572.jpg,800,533,0,0,533,800
60.87162315,patches/AVA__839716.jpg,320,213,38,412,251,732,75.47963816,240,159,358,560,517,800,62.99499146,160,106,54,280,160,440,72.84846178,voc_emotic_ava/AVA__839716.jpg,800,533,0,0,533,800
85.08732724,patches/AVA__841016.jpg,320,213,107,331,320,651,79.45140632,240,159,317,461,476,701,76.5394493,160,106,1,250,107,410,75.40539111,voc_emotic_ava/AVA__841016.jpg,800,533,0,0,533,800
78.82855938,patches/AVA__841434.jpg,320,213,260,218,473,538,77.22621237,240,159,123,506,282,746,67.51168415,160,106,69,17,175,177,70.62428928,voc_emotic_ava/AVA__841434.jpg,800,533,0,0,533,800
80.67446246,patches/AVA__841521.jpg,320,213,44,49,257,369,80.50146925,240,159,223,85,382,325,74.06318531,160,106,350,318,456,478,67.8610693,voc_emotic_ava/AVA__841521.jpg,800,533,0,0,533,800
72.82650801,patches/EMOTIC__labelme_urhkixkqscjslpf.jpg,320,213,146,51,359,371,68.84448627,240,159,27,327,186,567,64.28975846,160,106,423,140,529,300,67.2506102,voc_emotic_ava/EMOTIC__labelme_urhkixkqscjslpf.jpg,800,533,0,0,533,800
77.69051535,patches/AVA__842705.jpg,320,213,193,11,406,331,80.93855387,240,159,212,302,371,542,68.51400382,160,106,379,351,485,511,72.79541142,voc_emotic_ava/AVA__842705.jpg,800,533,0,0,533,800
78.47062083,patches/EMOTIC__e21tabvvmz4ngj0vol.jpg,320,213,164,287,377,607,76.33469657,240,159,359,461,518,701,73.65659952,160,106,394,143,500,303,78.68905746,voc_emotic_ava/EMOTIC__e21tabvvmz4ngj0vol.jpg,800,533,0,0,533,800
78.5703314,patches/AVA__846611.jpg,320,213,312,12,525,332,79.28895154,240,159,94,179,253,419,64.57038318,160,106,5,213,111,373,74.92078393,voc_emotic_ava/AVA__846611.jpg,800,533,0,0,533,800
71.13296608,patches/AVA__957994.jpg,320,213,82,176,295,496,89.75694907,240,159,317,558,476,798,62.27149595,160,106,85,639,191,799,82.05458644,voc_emotic_ava/AVA__957994.jpg,800,533,0,0,533,800
80.6811791,patches/AVA__847492.jpg,320,213,279,315,492,635,77.44062176,240,159,300,108,459,348,67.79670345,160,106,51,25,157,185,74.84143361,voc_emotic_ava/AVA__847492.jpg,800,533,0,0,533,800
78.4058004,patches/AVA__927372.jpg,320,213,268,129,481,449,67.82086773,240,159,345,453,504,693,64.76850172,160,106,3,112,109,272,71.68615655,voc_emotic_ava/AVA__927372.jpg,800,533,0,0,533,800
75.91788655,patches/AVA__905197.jpg,320,213,269,336,482,656,47.64694883,240,159,9,130,168,370,54.44898363,160,106,51,381,157,541,63.37038453,voc_emotic_ava/AVA__905197.jpg,800,533,0,0,533,800
74.40655349,patches/EMOTIC__8ofiq8yj9au1dl6yej.jpg,320,213,31,304,244,624,74.42173722,240,159,147,62,306,302,58.3082285,160,106,18,591,124,751,73.51291444,voc_emotic_ava/EMOTIC__8ofiq8yj9au1dl6yej.jpg,800,533,0,0,533,800
76.17670868,patches/AVA__850784.jpg,320,213,172,443,385,763,69.14566406,240,159,13,130,172,370,72.16397791,160,106,201,307,307,467,74.26297645,voc_emotic_ava/AVA__850784.jpg,800,533,0,0,533,800
85.02986749,patches/EMOTIC__0u2cwf2h19kdzscvk2.jpg,320,213,212,264,425,584,75.53793533,240,159,229,38,388,278,72.1914601,160,106,318,580,424,740,73.75288291,voc_emotic_ava/EMOTIC__0u2cwf2h19kdzscvk2.jpg,800,533,0,0,533,800
75.17642861,patches/AVA__956816.jpg,320,213,286,271,499,591,75.95498079,240,159,208,140,367,380,44.23993336,160,106,37,40,143,200,72.49512963,voc_emotic_ava/AVA__956816.jpg,800,533,0,0,533,800
71.83400068,patches/AVA__852865.jpg,320,213,152,32,365,352,66.08250696,240,159,357,497,516,737,53.27055402,160,106,338,342,444,502,55.08180242,voc_emotic_ava/AVA__852865.jpg,800,533,0,0,533,800
74.05151589,patches/AVA__852936.jpg,320,213,33,458,246,778,38.19146694,240,159,82,37,241,277,64.22615934,160,106,250,276,356,436,76.84412508,voc_emotic_ava/AVA__852936.jpg,800,533,0,0,533,800
80.56771163,patches/EMOTIC__02mav36gabf23q8bf8.jpg,320,213,7,156,220,476,73.89865352,240,159,309,1,468,241,68.72356944,160,106,363,223,469,383,72.71043686,voc_emotic_ava/EMOTIC__02mav36gabf23q8bf8.jpg,800,533,0,0,533,800
70.29292641,patches/AVA__855486.jpg,320,213,274,75,487,395,71.53537758,240,159,3,57,162,297,71.91405463,160,106,370,379,476,539,74.26184407,voc_emotic_ava/AVA__855486.jpg,800,533,0,0,533,800
76.98489869,patches/AVA__835501.jpg,320,213,151,69,364,389,64.12133276,240,159,352,498,511,738,69.73004917,160,106,57,504,163,664,73.702836,voc_emotic_ava/AVA__835501.jpg,800,533,0,0,533,800
75.36318856,patches/AVA__838368.jpg,320,213,291,126,504,446,76.69294494,240,159,255,554,414,794,39.01074732,160,106,75,459,181,619,74.01697591,voc_emotic_ava/AVA__838368.jpg,800,533,0,0,533,800
44.75605984,patches/AVA__862313.jpg,320,213,86,477,299,797,74.05518959,240,159,93,110,252,350,67.63191081,160,106,226,155,332,315,55.75277641,voc_emotic_ava/AVA__862313.jpg,800,533,0,0,533,800
43.37125691,patches/AVA__936153.jpg,320,213,309,142,522,462,59.93475686,240,159,96,374,255,614,58.68093907,160,106,27,38,133,198,58.25678011,voc_emotic_ava/AVA__936153.jpg,800,533,0,0,533,800
70.87762665,patches/AVA__924855.jpg,320,213,155,69,368,389,63.43759699,240,159,327,37,486,277,64.37823975,160,106,140,358,246,518,64.98682186,voc_emotic_ava/AVA__924855.jpg,800,533,0,0,533,800
83.66083193,patches/AVA__915760.jpg,320,213,6,97,219,417,79.01289584,240,159,248,357,407,597,78.93847054,160,106,400,197,506,357,77.59963847,voc_emotic_ava/AVA__915760.jpg,800,533,0,0,533,800
84.68096956,patches/AVA__871884.jpg,320,213,180,279,393,599,81.16491981,240,159,14,123,173,363,79.36651273,160,106,424,149,530,309,76.12270473,voc_emotic_ava/AVA__871884.jpg,800,533,0,0,533,800
75.56236171,patches/AVA__925348.jpg,320,213,97,65,310,385,74.61014941,240,159,356,421,515,661,75.23494886,160,106,272,432,378,592,74.65077482,voc_emotic_ava/AVA__925348.jpg,800,533,0,0,533,800
63.48227924,patches/AVA__877040.jpg,320,213,287,378,500,698,78.03832599,240,159,215,97,374,337,68.22485065,160,106,151,9,257,169,68.34447178,voc_emotic_ava/AVA__877040.jpg,800,533,0,0,533,800
69.89999676,patches/AVA__873590.jpg,320,213,195,444,408,764,74.47766631,240,159,318,69,477,309,70.39306017,160,106,160,100,266,260,77.86154783,voc_emotic_ava/AVA__873590.jpg,800,533,0,0,533,800
75.9065723,patches/AVA__928232.jpg,320,213,216,28,429,348,78.32053631,240,159,170,291,329,531,69.83906913,160,106,159,496,265,656,71.88903202,voc_emotic_ava/AVA__928232.jpg,800,533,0,0,533,800
77.57737386,patches/AVA__874128.jpg,320,213,276,15,489,335,97.12199794,240,159,141,379,300,619,72.1289865,160,106,149,632,255,792,78.95373177,voc_emotic_ava/AVA__874128.jpg,800,533,0,0,533,800
75.76665733,patches/AVA__927553.jpg,320,213,298,123,511,443,80.93483685,240,159,25,482,184,722,69.76486566,160,106,396,430,502,590,78.69205941,voc_emotic_ava/AVA__927553.jpg,800,533,0,0,533,800
71.43561306,patches/AVA__916518.jpg,320,213,33,314,246,634,70.5559549,240,159,346,179,505,419,65.15036107,160,106,246,450,352,610,74.87987639,voc_emotic_ava/AVA__916518.jpg,800,533,0,0,533,800
66.74846737,patches/AVA__916903.jpg,320,213,231,265,444,585,59.3026605,240,159,219,555,378,795,75.61209022,160,106,141,526,247,686,68.23867468,voc_emotic_ava/AVA__916903.jpg,800,533,0,0,533,800
76.66356849,patches/AVA__925717.jpg,320,213,113,67,326,387,64.69507037,240,159,276,517,435,757,66.63905529,160,106,15,208,121,368,67.12614864,voc_emotic_ava/AVA__925717.jpg,800,533,0,0,533,800
51.56614115,patches/AVA__917344.jpg,320,213,152,354,365,674,74.22150566,240,159,300,145,459,385,53.9946018,160,106,21,155,127,315,70.07558809,voc_emotic_ava/AVA__917344.jpg,800,533,0,0,533,800
85.6283109,patches/AVA__875787.jpg,320,213,140,174,353,494,72.40549945,240,159,221,493,380,733,72.37580738,160,106,331,115,437,275,72.93339227,voc_emotic_ava/AVA__875787.jpg,800,533,0,0,533,800
71.95629105,patches/AVA__917487.jpg,320,213,6,214,219,534,71.42921137,240,159,310,468,469,708,67.92018862,160,106,388,204,494,364,71.67700892,voc_emotic_ava/AVA__917487.jpg,800,533,0,0,533,800
76.65633718,patches/AVA__924794.jpg,320,213,277,259,490,579,77.86762423,240,159,104,212,263,452,65.36441719,160,106,340,42,446,202,70.17768031,voc_emotic_ava/AVA__924794.jpg,800,533,0,0,533,800
77.22364871,patches/AVA__924162.jpg,320,213,42,413,255,733,64.25700452,240,159,341,545,500,785,76.06850134,160,106,264,376,370,536,73.26251289,voc_emotic_ava/AVA__924162.jpg,800,533,0,0,533,800
61.91219478,patches/AVA__924046.jpg,320,213,203,14,416,334,60.42854475,240,159,80,88,239,328,60.43177442,160,106,424,102,530,262,70.80826647,voc_emotic_ava/AVA__924046.jpg,800,533,0,0,533,800
79.1714905,patches/AVA__917714.jpg,320,213,146,403,359,723,82.44094347,240,159,297,128,456,368,66.66004123,160,106,88,192,194,352,62.26260039,voc_emotic_ava/AVA__917714.jpg,800,533,0,0,533,800
68.25441016,patches/AVA__923559.jpg,320,213,64,178,277,498,51.69583312,240,159,277,349,436,589,74.6491949,160,106,339,126,445,286,28.67251784,voc_emotic_ava/AVA__923559.jpg,800,533,0,0,533,800
64.21723744,patches/AVA__922708.jpg,320,213,45,295,258,615,58.31232231,240,159,130,62,289,302,47.28463596,160,106,28,103,134,263,66.96879549,voc_emotic_ava/AVA__922708.jpg,800,533,0,0,533,800
72.72908069,patches/AVA__921772.jpg,320,213,75,378,288,698,60.74743761,240,159,306,544,465,784,66.61619356,160,106,291,5,397,165,69.80621459,voc_emotic_ava/AVA__921772.jpg,800,533,0,0,533,800
76.16915832,patches/AVA__921595.jpg,320,213,311,253,524,573,69.98950171,240,159,47,274,206,514,73.92940134,160,106,171,71,277,231,59.90403271,voc_emotic_ava/AVA__921595.jpg,800,533,0,0,533,800
71.31183295,patches/AVA__875833.jpg,320,213,306,67,519,387,65.51269577,240,159,27,236,186,476,55.83528588,160,106,134,472,240,632,65.48348548,voc_emotic_ava/AVA__875833.jpg,800,533,0,0,533,800
75.52863403,patches/AVA__921475.jpg,320,213,139,259,352,579,76.82265704,240,159,262,516,421,756,66.95964087,160,106,381,368,487,528,76.56290416,voc_emotic_ava/AVA__921475.jpg,800,533,0,0,533,800
59.3633488,patches/AVA__917783.jpg,320,213,146,476,359,796,78.21923101,240,159,56,12,215,252,56.56171337,160,106,5,635,111,795,70.11672927,voc_emotic_ava/AVA__917783.jpg,800,533,0,0,533,800
79.01924976,patches/AVA__916322.jpg,320,213,172,144,385,464,74.61171918,240,159,361,205,520,445,69.96946216,160,106,391,632,497,792,68.29215352,voc_emotic_ava/AVA__916322.jpg,800,533,0,0,533,800
77.45462383,patches/AVA__914289.jpg,320,213,261,261,474,581,81.71334996,240,159,121,290,280,530,77.17739992,160,106,104,560,210,720,77.37104122,voc_emotic_ava/AVA__914289.jpg,800,533,0,0,533,800
78.76229952,patches/AVA__877762.jpg,320,213,314,310,527,630,63.71683422,240,159,6,156,165,396,74.58310234,160,106,284,190,390,350,67.11772364,voc_emotic_ava/AVA__877762.jpg,800,533,0,0,533,800
80.20740843,patches/AVA__863165.jpg,320,213,132,232,345,552,74.64279294,240,159,15,528,174,768,71.90129967,160,106,88,9,194,169,77.87955931,voc_emotic_ava/AVA__863165.jpg,800,533,0,0,533,800
81.30347571,patches/AVA__911261.jpg,320,213,177,428,390,748,77.32231757,240,159,346,109,505,349,60.52967615,160,106,31,354,137,514,74.85304861,voc_emotic_ava/AVA__911261.jpg,800,533,0,0,533,800
60.81251594,patches/AVA__911739.jpg,320,213,93,169,306,489,66.92852178,240,159,192,477,351,717,50.2026813,160,106,405,311,511,471,41.10484372,voc_emotic_ava/AVA__911739.jpg,800,533,0,0,533,800
72.96526669,patches/AVA__877950.jpg,320,213,37,478,250,798,76.80790549,240,159,261,402,420,642,64.77122271,160,106,98,357,204,517,72.71529575,voc_emotic_ava/AVA__877950.jpg,800,533,0,0,533,800
82.72580185,patches/AVA__936643.jpg,320,213,117,63,330,383,77.79457971,240,159,371,134,530,374,48.89004907,160,106,75,480,181,640,74.40868176,voc_emotic_ava/AVA__936643.jpg,800,533,0,0,533,800
73.48640857,patches/AVA__877931.jpg,320,213,159,319,372,639,70.0014107,240,159,347,65,506,305,64.1976323,160,106,212,189,318,349,78.66018968,voc_emotic_ava/AVA__877931.jpg,800,533,0,0,533,800
59.00335098,patches/AVA__864263.jpg,320,213,12,224,225,544,62.72407236,240,159,284,434,443,674,61.86918011,160,106,81,620,187,780,57.14467801,voc_emotic_ava/AVA__864263.jpg,800,533,0,0,533,800
63.95902318,patches/AVA__935753.jpg,320,213,136,374,349,694,59.14951553,240,159,66,8,225,248,63.4706536,160,106,103,255,209,415,77.62907392,voc_emotic_ava/AVA__935753.jpg,800,533,0,0,533,800
82.51941077,patches/AVA__935470.jpg,320,213,48,164,261,484,75.6317781,240,159,272,45,431,285,68.96329861,160,106,407,291,513,451,73.47454871,voc_emotic_ava/AVA__935470.jpg,800,533,0,0,533,800
71.94093146,patches/AVA__935070.jpg,320,213,151,6,364,326,60.29104907,240,159,348,511,507,751,80.25485612,160,106,82,591,188,751,66.84147351,voc_emotic_ava/AVA__935070.jpg,800,533,0,0,533,800
89.17593479,patches/AVA__934995.jpg,320,213,142,118,355,438,81.2228392,240,159,176,453,335,693,79.77186941,160,106,354,56,460,216,72.40255666,voc_emotic_ava/AVA__934995.jpg,800,533,0,0,533,800
76.35423571,patches/AVA__934511.jpg,320,213,95,117,308,437,62.73912507,240,159,74,533,233,773,57.76459804,160,106,330,320,436,480,62.93704096,voc_emotic_ava/AVA__934511.jpg,800,533,0,0,533,800
92.98588049,patches/AVA__867399.jpg,320,213,236,429,449,749,78.9600389,240,159,242,8,401,248,82.14451706,160,106,173,158,279,318,85.05371499,voc_emotic_ava/AVA__867399.jpg,800,533,0,0,533,800
73.92292654,patches/AVA__867437.jpg,320,213,136,475,349,795,77.65326173,240,159,314,310,473,550,70.39138243,160,106,7,273,113,433,75.46664818,voc_emotic_ava/AVA__867437.jpg,800,533,0,0,533,800
83.05266554,patches/AVA__868711.jpg,320,213,245,361,458,681,75.23423995,240,159,206,145,365,385,78.06661012,160,106,424,277,530,437,77.7272916,voc_emotic_ava/AVA__868711.jpg,800,533,0,0,533,800
72.6874736,patches/AVA__932989.jpg,320,213,9,338,222,658,77.60686274,240,159,348,554,507,794,79.7093531,160,106,294,78,400,238,84.633385,voc_emotic_ava/AVA__932989.jpg,800,533,0,0,533,800
76.85208108,patches/AVA__932858.jpg,320,213,35,321,248,641,74.78825448,240,159,304,384,463,624,52.59298224,160,106,96,12,202,172,75.06536332,voc_emotic_ava/AVA__932858.jpg,800,533,0,0,533,800
79.90091687,patches/AVA__932745.jpg,320,213,80,394,293,714,78.46450854,240,159,292,353,451,593,72.69790845,160,106,424,281,530,441,75.67353759,voc_emotic_ava/AVA__932745.jpg,800,533,0,0,533,800
72.23389031,patches/AVA__932125.jpg,320,213,13,54,226,374,81.20592147,240,159,276,248,435,488,72.38543803,160,106,113,429,219,589,71.5738684,voc_emotic_ava/AVA__932125.jpg,800,533,0,0,533,800
64.78039515,patches/AVA__913066.jpg,320,213,71,28,284,348,57.86051535,240,159,370,372,529,612,76.94589003,160,106,160,393,266,553,65.26715353,voc_emotic_ava/AVA__913066.jpg,800,533,0,0,533,800
86.39670559,patches/AVA__870543.jpg,320,213,30,412,243,732,74.36806729,240,159,265,21,424,261,64.71919428,160,106,93,6,199,166,77.10229657,voc_emotic_ava/AVA__870543.jpg,800,533,0,0,533,800
52.2827116,patches/AVA__918867.jpg,320,213,287,287,500,607,51.71471492,240,159,115,34,274,274,69.54205708,160,106,51,507,157,667,56.67195975,voc_emotic_ava/AVA__918867.jpg,800,533,0,0,533,800
72.93029761,patches/AVA__756549.jpg,288,236,82,266,318,554,76.072191,216,177,267,199,444,415,69.7976991,144,118,239,529,357,673,78.022598,voc_emotic_ava/AVA__756549.jpg,720,592,0,0,592,720
64.28006503,patches/AVA__757506.jpg,288,236,226,369,462,657,77.24096989,216,177,88,310,265,526,76.16114606,144,118,369,21,487,165,81.19574623,voc_emotic_ava/AVA__757506.jpg,720,592,0,0,592,720
80.777514,patches/AVA__804697.jpg,288,236,70,109,306,397,70.87167359,216,177,310,94,487,310,58.71486019,144,118,434,2,552,146,70.44970811,voc_emotic_ava/AVA__804697.jpg,720,592,0,0,592,720
75.78337517,patches/AVA__940455.jpg,319,213,138,112,351,431,77.32454372,239,159,311,308,470,547,76.54466987,159,106,27,530,133,689,73.55337005,voc_emotic_ava/AVA__940455.jpg,799,533,0,0,533,799
83.93228765,patches/AVA__907573.jpg,320,212,94,328,306,648,79.01635799,240,159,177,104,336,344,76.26513428,160,106,418,10,524,170,74.64047298,voc_emotic_ava/AVA__907573.jpg,800,532,0,0,532,800
65.64343598,patches/AVA__879822.jpg,320,212,24,432,236,752,67.37883547,240,159,356,386,515,626,72.8243475,160,106,222,102,328,262,64.05600224,voc_emotic_ava/AVA__879822.jpg,800,532,0,0,532,800
79.30504323,patches/AVA__940657.jpg,320,212,114,8,326,328,81.4787083,240,159,254,379,413,619,73.40268892,160,106,403,274,509,434,74.04231163,voc_emotic_ava/AVA__940657.jpg,800,532,0,0,532,800
80.17057005,patches/AVA__876770.jpg,320,212,227,248,439,568,86.3404651,240,159,105,253,264,493,66.10214879,160,106,5,359,111,519,75.5175194,voc_emotic_ava/AVA__876770.jpg,800,532,0,0,532,800
72.83058841,patches/AVA__954301.jpg,320,212,35,286,247,606,71.83494778,240,159,372,27,531,267,65.23871691,160,106,398,492,504,652,74.20976378,voc_emotic_ava/AVA__954301.jpg,800,532,0,0,532,800
50.79346644,patches/AVA__926601.jpg,320,212,170,131,382,451,77.59335073,240,159,130,392,289,632,64.518057,160,106,154,633,260,793,66.55451756,voc_emotic_ava/AVA__926601.jpg,800,532,0,0,532,800
78.63638765,patches/AVA__904729.jpg,320,212,86,321,298,641,68.03181853,240,159,139,126,298,366,77.69759212,160,106,54,203,160,363,66.7019648,voc_emotic_ava/AVA__904729.jpg,800,532,0,0,532,800
78.37246769,patches/AVA__857063.jpg,320,212,241,11,453,331,81.02380888,240,159,136,471,295,711,59.12124074,160,106,4,66,110,226,67.5256669,voc_emotic_ava/AVA__857063.jpg,800,532,0,0,532,800
74.0350127,patches/AVA__937581.jpg,320,212,296,373,508,693,73.6447466,240,159,138,43,297,283,73.44196372,160,106,85,216,191,376,72.1858992,voc_emotic_ava/AVA__937581.jpg,800,532,0,0,532,800
63.01262582,patches/AVA__908541.jpg,320,212,147,450,359,770,67.17869294,240,159,321,18,480,258,54.52105378,160,106,125,99,231,259,56.41148265,voc_emotic_ava/AVA__908541.jpg,800,532,0,0,532,800
79.33049124,patches/AVA__864152.jpg,320,212,206,380,418,700,71.02438681,240,159,276,179,435,419,75.08078896,160,106,414,223,520,383,76.21845254,voc_emotic_ava/AVA__864152.jpg,800,532,0,0,532,800
79.33637838,patches/AVA__930996.jpg,320,212,189,89,401,409,49.060325,240,159,126,474,285,714,60.2919146,160,106,426,368,532,528,75.38202654,voc_emotic_ava/AVA__930996.jpg,800,532,0,0,532,800
81.17097334,patches/AVA__860255.jpg,320,212,32,40,244,360,60.6573913,240,159,281,114,440,354,72.18771932,160,106,173,573,279,733,71.10003063,voc_emotic_ava/AVA__860255.jpg,800,532,0,0,532,800
81.9577533,patches/AVA__724920.jpg,288,236,268,111,504,399,72.12178897,216,177,225,358,402,574,72.95720734,144,118,383,373,501,517,65.28084047,voc_emotic_ava/AVA__724920.jpg,720,591,0,0,591,720
67.27642388,patches/AVA__838551.jpg,320,212,49,206,261,526,64.57841011,240,159,220,177,379,417,60.03727836,160,106,55,635,161,795,62.60745662,voc_emotic_ava/AVA__838551.jpg,800,531,0,0,531,800
75.00697875,patches/AVA__864117.jpg,320,212,164,242,376,562,70.01629716,240,159,83,61,242,301,48.50266433,160,106,257,17,363,177,68.23490768,voc_emotic_ava/AVA__864117.jpg,800,531,0,0,531,800
56.00612954,patches/AVA__850787.jpg,320,212,219,386,431,706,58.51406451,240,159,71,495,230,735,55.61348117,160,106,411,447,517,607,74.41948577,voc_emotic_ava/AVA__850787.jpg,800,531,0,0,531,800
80.25901198,patches/AVA__861401.jpg,320,212,73,144,285,464,79.80954724,240,159,121,462,280,702,72.5683426,160,106,260,573,366,733,83.34437359,voc_emotic_ava/AVA__861401.jpg,800,531,0,0,531,800
45.51948137,patches/AVA__880146.jpg,320,212,32,404,244,724,61.00319194,240,159,56,84,215,324,55.40771796,160,106,396,213,502,373,63.51564805,voc_emotic_ava/AVA__880146.jpg,800,531,0,0,531,800
61.85056896,patches/AVA__848564.jpg,320,212,177,44,389,364,72.09523987,240,159,363,448,522,688,49.55917902,160,106,23,180,129,340,62.7687615,voc_emotic_ava/AVA__848564.jpg,800,531,0,0,531,800
61.24266194,patches/AVA__870796.jpg,320,212,219,172,431,492,52.37967426,240,159,142,4,301,244,46.9551312,160,106,265,630,371,790,66.91357869,voc_emotic_ava/AVA__870796.jpg,800,531,0,0,531,800
77.76619295,patches/AVA__842499.jpg,320,212,152,422,364,742,53.56727752,240,159,168,4,327,244,50.40444017,160,106,407,214,513,374,75.26138422,voc_emotic_ava/AVA__842499.jpg,800,531,0,0,531,800
85.54152527,patches/AVA__882218.jpg,320,212,209,73,421,393,78.41495034,240,159,63,462,222,702,79.5663425,160,106,21,303,127,463,83.31939097,voc_emotic_ava/AVA__882218.jpg,800,531,0,0,531,800
84.53779462,patches/AVA__882782.jpg,320,212,61,466,273,786,73.82181081,240,159,315,204,474,444,77.60411126,160,106,196,45,302,205,74.33347389,voc_emotic_ava/AVA__882782.jpg,800,531,0,0,531,800
81.85687957,patches/AVA__861403.jpg,320,212,293,10,505,330,82.32938226,240,159,324,444,483,684,78.78101626,160,106,65,400,171,560,89.27063818,voc_emotic_ava/AVA__861403.jpg,800,531,0,0,531,800
61.3357787,patches/AVA__857925.jpg,320,212,2,441,214,761,72.01462436,240,159,85,99,244,339,68.03235024,160,106,383,59,489,219,70.97171129,voc_emotic_ava/AVA__857925.jpg,800,531,0,0,531,800
73.56797023,patches/AVA__886365.jpg,320,212,317,100,529,420,79.22424223,240,159,160,33,319,273,50.53121038,160,106,64,109,170,269,71.86350195,voc_emotic_ava/AVA__886365.jpg,800,531,0,0,531,800
70.81959476,patches/AVA__903723.jpg,320,212,316,201,528,521,69.93241392,240,159,25,543,184,783,68.36962249,160,106,423,511,529,671,66.20644901,voc_emotic_ava/AVA__903723.jpg,800,531,0,0,531,800
82.1768434,patches/AVA__906862.jpg,320,212,231,187,443,507,69.35573071,240,159,136,472,295,712,78.14761982,160,106,9,169,115,329,71.56561002,voc_emotic_ava/AVA__906862.jpg,800,531,0,0,531,800
84.33738658,patches/AVA__911265.jpg,320,212,225,171,437,491,74.6858228,240,159,46,209,205,449,53.58457848,160,106,421,296,527,456,73.23905005,voc_emotic_ava/AVA__911265.jpg,800,531,0,0,531,800
84.6729952,patches/AVA__917508.jpg,320,212,256,375,468,695,76.07262876,240,159,262,173,421,413,76.37180739,160,106,135,272,241,432,78.73076796,voc_emotic_ava/AVA__917508.jpg,800,531,0,0,531,800
92.17970916,patches/AVA__912340.jpg,320,212,65,16,277,336,77.08404605,240,159,339,259,498,499,72.62176078,160,106,344,571,450,731,75.68311912,voc_emotic_ava/AVA__912340.jpg,800,531,0,0,531,800
59.70674268,patches/AVA__930643.jpg,320,212,31,310,243,630,45.16291985,240,159,9,4,168,244,40.92532822,160,106,314,603,420,763,48.02182038,voc_emotic_ava/AVA__930643.jpg,800,531,0,0,531,800
63.27811545,patches/AVA__932698.jpg,320,212,44,70,256,390,62.03628169,240,159,297,52,456,292,65.28785431,160,106,14,363,120,523,56.36695513,voc_emotic_ava/AVA__932698.jpg,800,531,0,0,531,800
87.47919392,patches/AVA__935853.jpg,320,212,5,226,217,546,75.14103349,240,159,228,530,387,770,75.26333803,160,106,93,544,199,704,75.38504983,voc_emotic_ava/AVA__935853.jpg,800,531,0,0,531,800
84.05212563,patches/AVA__936024.jpg,320,212,248,166,460,486,65.02754913,240,159,165,453,324,693,48.73470764,160,106,418,475,524,635,71.80203269,voc_emotic_ava/AVA__936024.jpg,800,531,0,0,531,800
72.78954087,patches/AVA__937159.jpg,320,212,274,162,486,482,79.64586942,240,159,186,356,345,596,75.21745239,160,106,3,94,109,254,75.75325358,voc_emotic_ava/AVA__937159.jpg,800,531,0,0,531,800
81.71164842,patches/AVA__939910.jpg,320,212,172,175,384,495,74.71466395,240,159,356,141,515,381,68.68978223,160,106,38,362,144,522,61.82087224,voc_emotic_ava/AVA__939910.jpg,800,531,0,0,531,800
66.86660457,patches/AVA__945801.jpg,320,212,24,185,236,505,77.61507788,240,159,354,235,513,475,59.68594393,160,106,13,556,119,716,74.17051875,voc_emotic_ava/AVA__945801.jpg,800,531,0,0,531,800
65.48052205,patches/AVA__955443.jpg,320,212,109,57,321,377,75.13207185,240,159,201,411,360,651,59.61583154,160,106,29,111,135,271,75.94628706,voc_emotic_ava/AVA__955443.jpg,800,531,0,0,531,800
56.05848946,patches/AVA__957328.jpg,320,212,182,285,394,605,74.67585209,240,159,56,263,215,503,75.6044514,160,106,112,596,218,756,59.01109635,voc_emotic_ava/AVA__957328.jpg,800,531,0,0,531,800
80.31258621,patches/EMOTIC__87kghfiiza4x9xvujg.jpg,320,212,91,416,303,736,60.24184994,240,159,117,177,276,417,58.77492243,160,106,384,16,490,176,73.0268314,voc_emotic_ava/EMOTIC__87kghfiiza4x9xvujg.jpg,800,531,0,0,531,800
82.22976849,patches/EMOTIC__bobahj1f4hosktci4m.jpg,320,212,89,30,301,350,69.86174645,240,159,351,388,510,628,56.51672325,160,106,403,185,509,345,75.75729883,voc_emotic_ava/EMOTIC__bobahj1f4hosktci4m.jpg,800,531,0,0,531,800
76.16837995,patches/AVA__902542.jpg,320,212,86,41,298,361,77.25185533,240,159,198,286,357,526,67.89677233,160,106,94,352,200,512,78.02901596,voc_emotic_ava/AVA__902542.jpg,800,531,0,0,531,800
78.71737315,patches/AVA__957237.jpg,320,212,7,174,219,494,82.53808719,240,159,210,517,369,757,75.35362859,160,106,331,175,437,335,73.75373607,voc_emotic_ava/AVA__957237.jpg,800,531,0,0,531,800
75.5546043,patches/AVA__889594.jpg,320,212,52,162,264,482,73.31806467,240,159,136,473,295,713,71.90783876,160,106,423,152,529,312,76.57290818,voc_emotic_ava/AVA__889594.jpg,800,531,0,0,531,800
67.92056463,patches/AVA__894478.jpg,320,212,210,226,422,546,53.72230963,240,159,372,12,531,252,78.814245,160,106,143,458,249,618,70.10170699,voc_emotic_ava/AVA__894478.jpg,800,531,0,0,531,800
76.42464203,patches/AVA__834259.jpg,320,212,70,388,282,708,66.18346561,240,159,96,19,255,259,59.41762167,160,106,413,30,519,190,75.10629659,voc_emotic_ava/AVA__834259.jpg,800,530,0,0,530,800
77.53860181,patches/EMOTIC__sun_afgtgzodlwqwaint.jpg,320,212,189,143,401,463,68.93079821,240,159,62,312,221,552,65.80925725,160,106,423,89,529,249,74.04749575,voc_emotic_ava/EMOTIC__sun_afgtgzodlwqwaint.jpg,800,530,0,0,530,800
77.19512161,patches/AVA__888368.jpg,320,211,142,295,353,615,72.49344471,240,158,327,522,485,762,53.76704544,160,105,131,99,236,259,71.71343057,voc_emotic_ava/AVA__888368.jpg,800,529,0,0,529,800
58.95687168,patches/AVA__942004.jpg,320,211,5,359,216,679,63.15654741,240,158,18,48,176,288,34.86482858,160,105,423,636,528,796,63.43490981,voc_emotic_ava/AVA__942004.jpg,800,529,0,0,529,800
79.59963136,patches/AVA__905961.jpg,320,211,158,463,369,783,77.8815082,240,158,369,311,527,551,61.17892169,160,105,18,119,123,279,87.8356011,voc_emotic_ava/AVA__905961.jpg,800,529,0,0,529,800
57.15871779,patches/AVA__957469.jpg,320,211,60,153,271,473,70.09750924,240,158,244,533,402,773,78.67207994,160,105,378,543,483,703,66.28087851,voc_emotic_ava/AVA__957469.jpg,800,529,0,0,529,800
75.62061554,patches/AVA__865184.jpg,320,211,218,141,429,461,69.32539517,240,158,104,75,262,315,47.33871575,160,105,96,551,201,711,75.49722104,voc_emotic_ava/AVA__865184.jpg,800,529,0,0,529,800
83.3924106,patches/AVA__770625.jpg,288,234,253,401,487,689,78.42889935,216,176,303,216,479,432,63.74067018,144,117,198,196,315,340,79.84068122,voc_emotic_ava/AVA__770625.jpg,720,587,0,0,587,720
75.53685301,patches/AVA__705021.jpg,288,234,233,247,467,535,53.03292767,216,176,43,471,219,687,53.12060674,144,117,0,198,117,342,78.95326135,voc_emotic_ava/AVA__705021.jpg,720,587,0,0,587,720
64.44934741,patches/AVA__504058.jpg,260,260,106,56,366,316,67.8206156,195,195,334,251,529,446,70.73112563,130,130,22,225,152,355,71.70989902,voc_emotic_ava/AVA__504058.jpg,650,650,0,0,650,650
76.50571161,patches/AVA__949472.jpg,320,211,62,468,273,788,71.92662117,240,158,275,535,433,775,76.84966021,160,105,189,273,294,433,72.75909363,voc_emotic_ava/AVA__949472.jpg,800,528,0,0,528,800
77.09459136,patches/AVA__879523.jpg,320,211,17,406,228,726,74.10997825,240,158,278,1,436,241,71.5666431,160,105,388,553,493,713,77.57151849,voc_emotic_ava/AVA__879523.jpg,800,528,0,0,528,800
64.10089606,patches/AVA__836854.jpg,320,211,211,66,422,386,41.68866316,240,158,240,499,398,739,62.10608842,160,105,101,208,206,368,75.99492821,voc_emotic_ava/AVA__836854.jpg,800,528,0,0,528,800
79.82957884,patches/AVA__934148.jpg,320,210,99,206,309,526,71.68196358,240,158,228,480,386,720,75.61556878,160,105,208,25,313,185,71.16889715,voc_emotic_ava/AVA__934148.jpg,800,527,0,0,527,800
81.43267027,patches/AVA__952499.jpg,320,210,294,10,504,330,78.31084332,240,158,68,241,226,481,82.95845693,160,105,313,449,418,609,78.90586893,voc_emotic_ava/AVA__952499.jpg,800,527,0,0,527,800
68.67604843,patches/AVA__946024.jpg,320,210,291,0,501,320,79.47709125,240,158,127,474,285,714,72.70617748,160,105,407,353,512,513,73.52720249,voc_emotic_ava/AVA__946024.jpg,800,527,0,0,527,800
80.50523637,patches/AVA__840202.jpg,320,210,149,167,359,487,88.31466799,240,157,33,156,190,396,75.01330395,160,105,387,59,492,219,77.27410127,voc_emotic_ava/AVA__840202.jpg,800,526,0,0,526,800
74.46163579,patches/AVA__942243.jpg,320,210,234,86,444,406,65.67595592,240,157,57,253,214,493,65.15139541,160,105,360,592,465,752,70.8252311,voc_emotic_ava/AVA__942243.jpg,800,526,0,0,526,800
62.02492569,patches/AVA__847666.jpg,320,210,146,185,356,505,62.67563646,240,157,76,27,233,267,66.67746465,160,105,321,592,426,752,62.95408277,voc_emotic_ava/AVA__847666.jpg,800,526,0,0,526,800
80.22928841,patches/AVA__927949.jpg,320,210,8,264,218,584,68.46218823,240,157,293,70,450,310,70.81207228,160,105,236,382,341,542,62.43778095,voc_emotic_ava/AVA__927949.jpg,800,526,0,0,526,800
58.40165004,patches/AVA__953829.jpg,318,211,293,137,504,455,57.50320498,238,158,67,244,225,482,49.29163959,159,105,372,534,477,693,69.89422189,voc_emotic_ava/AVA__953829.jpg,795,529,0,0,529,795
78.9353626,patches/AVA__732000.jpg,288,233,263,283,496,571,71.90950939,216,175,33,281,208,497,66.76137357,144,116,66,501,182,645,67.57612539,voc_emotic_ava/AVA__732000.jpg,720,584,0,0,584,720
75.30929022,patches/AVA__838478.jpg,320,210,167,45,377,365,69.1052675,240,157,57,471,214,711,64.78861701,160,105,262,396,367,556,62.08231984,voc_emotic_ava/AVA__838478.jpg,800,525,0,0,525,800
75.50928933,patches/AVA__891849.jpg,320,210,7,59,217,379,61.18912879,240,157,252,498,409,738,55.54323731,160,105,6,374,111,534,78.94705974,voc_emotic_ava/AVA__891849.jpg,800,525,0,0,525,800
79.31332331,patches/AVA__817055.jpg,288,233,280,201,513,489,55.48310017,216,174,156,42,330,258,69.96678327,144,116,198,467,314,611,72.50162195,voc_emotic_ava/AVA__817055.jpg,720,583,0,0,583,720
80.32894961,patches/AVA__577083.jpg,288,233,70,243,303,531,71.19101143,216,174,311,177,485,393,68.47105306,144,116,287,475,403,619,79.22231183,voc_emotic_ava/AVA__577083.jpg,720,583,0,0,583,720
69.14051638,patches/AVA__701157.jpg,288,233,12,113,245,401,75.63681401,216,174,264,56,438,272,68.0566432,144,116,73,529,189,673,75.01992768,voc_emotic_ava/AVA__701157.jpg,720,583,0,0,583,720
66.28004498,patches/AVA__677016.jpg,284,236,60,340,296,624,78.57133402,213,177,384,79,561,292,65.15982574,142,118,356,358,474,500,60.0947266,voc_emotic_ava/AVA__677016.jpg,711,590,0,0,590,711
76.00956499,patches/AVA__865726.jpg,320,209,271,87,480,407,69.65136474,240,157,133,254,290,494,70.93008367,160,104,359,573,463,733,75.98234665,voc_emotic_ava/AVA__865726.jpg,800,524,0,0,524,800
82.676834,patches/AVA__893911.jpg,320,209,96,474,305,794,78.64169419,240,157,119,228,276,468,75.83094527,160,104,411,328,515,488,74.35562042,voc_emotic_ava/AVA__893911.jpg,800,524,0,0,524,800
76.7171365,patches/AVA__909197.jpg,320,209,26,33,235,353,74.4181643,240,157,275,361,432,601,67.10302891,160,104,64,420,168,580,72.5876112,voc_emotic_ava/AVA__909197.jpg,800,524,0,0,524,800
61.13014131,patches/AVA__677883.jpg,288,232,58,424,290,712,71.29538312,216,174,192,211,366,427,57.59349533,144,116,358,216,474,360,56.35849777,voc_emotic_ava/AVA__677883.jpg,720,582,0,0,582,720
73.70968971,patches/AVA__942865.jpg,243,275,11,99,286,342,70.91485901,182,206,330,257,536,439,61.53133076,121,137,502,425,639,546,69.34058316,voc_emotic_ava/AVA__942865.jpg,609,688,0,0,688,609
74.70537516,patches/AVA__924809.jpg,317,211,207,107,418,424,71.4713186,237,158,54,75,212,312,74.42114745,158,105,402,305,507,463,68.827704,voc_emotic_ava/AVA__924809.jpg,793,528,0,0,528,793
84.76088842,patches/AVA__843252.jpg,320,209,276,440,485,760,70.55835807,240,156,76,461,232,701,74.78553151,160,104,310,225,414,385,77.05589042,voc_emotic_ava/AVA__843252.jpg,800,523,0,0,523,800
80.54708492,patches/AVA__907953.jpg,320,209,62,410,271,730,82.51923603,240,156,253,535,409,775,72.81179386,160,104,210,118,314,278,79.64841213,voc_emotic_ava/AVA__907953.jpg,800,523,0,0,523,800
91.56892137,patches/AVA__444126.jpg,288,232,189,282,421,570,84.75052944,216,174,404,41,578,257,79.11242216,144,116,151,76,267,220,83.96769322,voc_emotic_ava/AVA__444126.jpg,720,581,0,0,581,720
79.3504663,patches/AVA__830020.jpg,272,246,116,51,362,323,66.79766273,204,184,402,467,586,671,70.30597708,136,123,142,338,265,474,69.61538483,voc_emotic_ava/AVA__830020.jpg,680,615,0,0,615,680
65.6176554,patches/EMOTIC__cl5sn4ab7c511e353h.jpg,278,240,144,116,384,394,59.7659827,209,180,419,236,599,445,65.27734001,139,120,172,406,292,545,70.386892,voc_emotic_ava/EMOTIC__cl5sn4ab7c511e353h.jpg,697,600,0,0,600,697
72.84777796,patches/AVA__940237.jpg,316,211,170,125,381,441,68.45845623,237,158,347,201,505,438,72.65837659,158,105,9,25,114,183,69.06485209,voc_emotic_ava/AVA__940237.jpg,792,528,0,0,528,792
80.15679645,patches/AVA__857642.jpg,314,212,211,69,423,383,74.08433401,236,159,130,413,289,649,76.6519129,157,106,418,436,524,593,68.75107477,voc_emotic_ava/AVA__857642.jpg,787,531,0,0,531,787
60.82702043,patches/AVA__950856.jpg,320,208,119,319,327,639,62.45882019,240,156,77,559,233,799,71.09230546,160,104,76,99,180,259,70.04755736,voc_emotic_ava/AVA__950856.jpg,800,522,0,0,522,800
76.64815256,patches/AVA__947080.jpg,320,208,303,181,511,501,74.73928871,240,156,74,531,230,771,60.5689155,160,104,120,74,224,234,70.93605765,voc_emotic_ava/AVA__947080.jpg,800,522,0,0,522,800
80.20706757,patches/AVA__917291.jpg,320,208,27,312,235,632,79.97716336,240,156,330,281,486,521,75.73290152,160,104,215,252,319,412,68.25444397,voc_emotic_ava/AVA__917291.jpg,800,522,0,0,522,800
61.07699837,patches/AVA__872152.jpg,316,210,280,375,490,691,78.98104122,237,158,30,192,188,429,72.81685829,158,105,181,435,286,593,63.21154038,voc_emotic_ava/AVA__872152.jpg,792,527,0,0,527,792
77.79383711,patches/AVA__769603.jpg,288,231,208,0,439,288,52.05765605,216,173,88,404,261,620,54.25457636,144,115,446,454,561,598,71.66335681,voc_emotic_ava/AVA__769603.jpg,720,579,0,0,579,720
65.5885144,patches/AVA__884865.jpg,320,208,182,345,390,665,57.9950963,240,156,103,75,259,315,64.2800443,160,104,25,59,129,219,60.09994268,voc_emotic_ava/AVA__884865.jpg,800,521,0,0,521,800
80.25636601,patches/AVA__907743.jpg,320,208,19,153,227,473,77.66072363,240,156,287,235,443,475,66.6741658,160,104,131,585,235,745,79.32802121,voc_emotic_ava/AVA__907743.jpg,800,521,0,0,521,800
83.83330712,patches/AVA__927923.jpg,320,208,13,175,221,495,78.19489635,240,156,211,379,367,619,57.88112873,160,104,383,56,487,216,72.16609531,voc_emotic_ava/AVA__927923.jpg,800,521,0,0,521,800
77.59103026,patches/AVA__919913.jpg,308,216,298,108,514,416,70.12704302,231,162,92,195,254,426,57.64667446,154,108,13,42,121,196,73.76914803,voc_emotic_ava/AVA__919913.jpg,770,541,0,0,541,770
89.48249153,patches/AVA__847147.jpg,320,208,75,442,283,762,78.7480597,240,156,132,23,288,263,61.62448768,160,104,351,52,455,212,71.22449721,voc_emotic_ava/AVA__847147.jpg,800,520,0,0,520,800
77.81625137,patches/AVA__957055.jpg,316,210,178,358,388,674,74.24289726,237,157,53,11,210,248,69.5081532,158,105,377,246,482,404,67.69347677,voc_emotic_ava/AVA__957055.jpg,790,526,0,0,526,790
74.16118724,patches/AVA__911565.jpg,316,210,253,208,463,524,67.31586917,237,157,94,473,251,710,73.6340729,158,105,110,223,215,381,64.53301456,voc_emotic_ava/AVA__911565.jpg,791,525,0,0,525,791
69.70051516,patches/AVA__948660.jpg,320,207,196,427,403,747,88.6486093,240,155,347,136,502,376,78.93238521,160,103,167,127,270,287,81.64520597,voc_emotic_ava/AVA__948660.jpg,800,519,0,0,519,800
77.57435937,patches/AVA__882198.jpg,320,207,158,278,365,598,77.69117934,240,155,223,82,378,322,66.1856655,160,103,103,2,206,162,80.49183998,voc_emotic_ava/AVA__882198.jpg,800,519,0,0,519,800
74.8182461,patches/AVA__841661.jpg,316,210,36,337,246,653,77.28429908,237,157,51,100,208,337,71.88410267,158,105,220,30,325,188,72.98084944,voc_emotic_ava/AVA__841661.jpg,790,525,0,0,525,790
76.95552465,patches/AVA__840390.jpg,316,210,165,21,375,337,68.77747618,237,157,114,458,271,695,78.93014434,158,105,271,385,376,543,63.97649687,voc_emotic_ava/AVA__840390.jpg,790,525,0,0,525,790
77.36041739,patches/AVA__679265.jpg,288,230,0,155,230,443,79.88096699,216,172,160,40,332,256,72.66579384,144,115,386,576,501,720,76.92046748,voc_emotic_ava/AVA__679265.jpg,720,576,0,0,576,720
79.7318897,patches/AVA__385700.jpg,288,230,246,410,476,698,82.03163395,216,172,43,330,215,546,69.77776467,144,115,273,15,388,159,85.31792945,voc_emotic_ava/AVA__385700.jpg,720,576,0,0,576,720
80.29619083,patches/AVA__578044.jpg,288,230,251,375,481,663,82.43467212,216,172,240,108,412,324,71.43909947,144,115,22,418,137,562,81.19981844,voc_emotic_ava/AVA__578044.jpg,720,576,0,0,576,720
82.38617308,patches/AVA__773512.jpg,288,230,332,234,562,522,84.97714019,216,172,205,353,377,569,74.32776539,144,115,405,496,520,640,75.02246369,voc_emotic_ava/AVA__773512.jpg,720,576,0,0,576,720
79.13003285,patches/AVA__739002.jpg,288,230,247,309,477,597,72.31222222,216,172,365,23,537,239,59.42462085,144,115,59,215,174,359,83.92551167,voc_emotic_ava/AVA__739002.jpg,720,576,0,0,576,720
74.20626379,patches/AVA__443804.jpg,288,230,329,301,559,589,88.55522107,216,172,145,170,317,386,51.70781943,144,115,70,48,185,192,76.75507995,voc_emotic_ava/AVA__443804.jpg,720,576,0,0,576,720
73.5531358,patches/AVA__765740.jpg,288,230,242,381,472,669,68.79095899,216,172,303,123,475,339,67.99557731,144,115,269,24,384,168,79.66008554,voc_emotic_ava/AVA__765740.jpg,720,576,0,0,576,720
58.43709547,patches/AVA__810970.jpg,288,230,254,374,484,662,58.09270388,216,172,244,20,416,236,49.81601314,144,115,410,269,525,413,39.6577098,voc_emotic_ava/AVA__810970.jpg,720,576,0,0,576,720
81.94191008,patches/AVA__824538.jpg,288,230,174,285,404,573,73.56876953,216,172,385,143,557,359,68.22542569,144,115,398,572,513,716,71.88143206,voc_emotic_ava/AVA__824538.jpg,720,576,0,0,576,720
80.34430453,patches/AVA__652855.jpg,288,230,237,320,467,608,84.18622928,216,172,96,123,268,339,74.5109062,144,115,37,420,152,564,73.72642688,voc_emotic_ava/AVA__652855.jpg,720,576,0,0,576,720
80.55597449,patches/AVA__800967.jpg,288,230,275,93,505,381,73.26292315,216,172,5,96,177,312,47.70081777,144,115,43,394,158,538,77.24942286,voc_emotic_ava/AVA__800967.jpg,720,576,0,0,576,720
72.08650213,patches/AVA__670262.jpg,288,230,337,91,567,379,74.80663139,216,172,115,433,287,649,37.92172289,144,115,92,104,207,248,69.69836642,voc_emotic_ava/AVA__670262.jpg,720,576,0,0,576,720
68.46914762,patches/AVA__793949.jpg,288,230,175,159,405,447,69.02096505,216,172,204,479,376,695,75.34620179,144,115,387,445,502,589,74.92469902,voc_emotic_ava/AVA__793949.jpg,720,576,0,0,576,720
81.86735072,patches/AVA__828329.jpg,288,230,162,128,392,416,79.11486048,216,172,124,458,296,674,68.56805423,144,115,280,465,395,609,79.14606802,voc_emotic_ava/AVA__828329.jpg,720,576,0,0,576,720
73.42072765,patches/AVA__713177.jpg,288,230,330,299,560,587,73.20480973,216,172,8,462,180,678,76.34371899,144,115,403,94,518,238,72.13727876,voc_emotic_ava/AVA__713177.jpg,720,576,0,0,576,720
74.5376246,patches/AVA__663771.jpg,288,230,134,206,364,494,74.18127503,216,172,392,457,564,673,61.47477909,144,115,87,574,202,718,73.89933973,voc_emotic_ava/AVA__663771.jpg,720,576,0,0,576,720
67.14130038,patches/AVA__798540.jpg,288,230,266,432,496,720,71.70215674,216,172,162,220,334,436,57.69007699,144,115,63,453,178,597,59.61036269,voc_emotic_ava/AVA__798540.jpg,720,576,0,0,576,720
80.35514969,patches/AVA__869960.jpg,320,207,105,279,312,599,80.66343092,240,155,153,71,308,311,69.96658689,160,103,38,603,141,763,72.98694532,voc_emotic_ava/AVA__869960.jpg,800,518,0,0,518,800
60.53963256,patches/AVA__921585.jpg,320,207,27,464,234,784,69.81854171,240,155,227,123,382,363,56.92208063,160,103,116,131,219,291,72.39608102,voc_emotic_ava/AVA__921585.jpg,800,518,0,0,518,800
62.58677503,patches/AVA__732641.jpg,288,230,177,316,407,604,73.22639414,216,172,56,190,228,406,77.09613925,144,115,453,231,568,375,75.10568853,voc_emotic_ava/AVA__732641.jpg,720,575,0,0,575,720
82.14267798,patches/AVA__640952.jpg,288,230,258,209,488,497,73.69550462,216,172,124,282,296,498,80.47453522,144,115,327,543,442,687,70.4239316,voc_emotic_ava/AVA__640952.jpg,720,575,0,0,575,720
74.28798401,patches/AVA__950099.jpg,320,206,271,402,477,722,75.80380913,240,155,154,500,309,740,71.07152023,160,103,391,163,494,323,71.92467175,voc_emotic_ava/AVA__950099.jpg,800,517,0,0,517,800
82.26254895,patches/AVA__690982.jpg,288,229,112,226,341,514,81.3840012,216,172,401,293,573,509,66.19974786,144,114,405,152,519,296,72.15380782,voc_emotic_ava/AVA__690982.jpg,720,574,0,0,574,720
69.46346158,patches/AVA__638327.jpg,288,229,276,57,505,345,74.06715481,216,172,156,312,328,528,70.00998433,144,114,342,410,456,554,71.22064775,voc_emotic_ava/AVA__638327.jpg,720,574,0,0,574,720
81.80377336,patches/AVA__847715.jpg,304,216,290,340,506,644,63.18915917,228,162,288,135,450,363,79.33462672,152,108,127,381,235,533,69.97549531,voc_emotic_ava/AVA__847715.jpg,762,542,0,0,542,762
80.14170752,patches/AVA__892901.jpg,236,280,327,180,607,416,87.57146194,177,210,171,302,381,479,71.70899335,118,140,471,36,611,154,68.37186844,voc_emotic_ava/AVA__892901.jpg,590,700,0,0,700,590
64.075205,patches/AVA__891562.jpg,320,206,42,173,248,493,72.96275806,240,154,257,445,411,685,69.67287468,160,103,339,2,442,162,74.88117254,voc_emotic_ava/AVA__891562.jpg,800,516,0,0,516,800
93.39468575,patches/AVA__849633.jpg,320,206,243,463,449,783,80.66704604,240,154,257,38,411,278,65.77731533,160,103,409,213,512,373,79.87766568,voc_emotic_ava/AVA__849633.jpg,800,516,0,0,516,800
61.41556494,patches/AVA__892289.jpg,320,206,299,218,505,538,69.82086047,240,154,106,112,260,352,66.30835068,160,103,323,94,426,254,64.63034372,voc_emotic_ava/AVA__892289.jpg,800,516,0,0,516,800
54.89909439,patches/AVA__935416.jpg,320,206,96,180,302,500,68.14313102,240,154,314,9,468,249,71.42005995,160,103,81,562,184,722,73.22962081,voc_emotic_ava/AVA__935416.jpg,800,516,0,0,516,800
87.33402017,patches/AVA__781618.jpg,278,237,28,93,265,371,79.41171499,208,177,227,238,404,446,75.12208975,139,118,295,43,413,182,78.45211529,voc_emotic_ava/AVA__781618.jpg,695,593,0,0,593,695
73.63470358,patches/AVA__951798.jpg,320,206,135,222,341,542,68.81625964,240,154,312,196,466,436,56.77800485,160,103,286,487,389,647,64.84980052,voc_emotic_ava/AVA__951798.jpg,800,515,0,0,515,800
79.45891868,patches/AVA__881089.jpg,320,206,142,112,348,432,76.5166219,240,154,232,382,386,622,75.63304606,160,103,135,452,238,612,79.48378526,voc_emotic_ava/AVA__881089.jpg,800,515,0,0,515,800
98.7928264,patches/AVA__391801.jpg,288,228,310,114,538,402,48.48663643,216,171,43,493,214,709,56.85652062,144,114,124,359,238,503,73.72861623,voc_emotic_ava/AVA__391801.jpg,720,572,0,0,572,720
77.01139367,patches/AVA__772736.jpg,288,228,333,213,561,501,76.23611262,216,171,79,320,250,536,71.98541149,144,114,216,84,330,228,77.49011338,voc_emotic_ava/AVA__772736.jpg,720,572,0,0,572,720
67.57687889,patches/AVA__947876.jpg,244,268,3,56,271,300,77.41736004,183,201,236,261,437,444,51.50298388,122,134,337,73,471,195,75.36155297,voc_emotic_ava/AVA__947876.jpg,612,672,0,0,672,612
82.38485664,patches/AVA__942508.jpg,320,205,223,67,428,387,81.89349817,240,154,212,508,366,748,80.1949705,160,102,6,392,108,552,78.26624473,voc_emotic_ava/AVA__942508.jpg,800,514,0,0,514,800
81.53397313,patches/AVA__863640.jpg,320,205,49,36,254,356,84.89025925,240,154,211,156,365,396,72.08407443,160,102,366,151,468,311,74.93334945,voc_emotic_ava/AVA__863640.jpg,800,514,0,0,514,800
74.90044475,patches/AVA__912504.jpg,320,205,139,417,344,737,61.66806126,240,154,68,84,222,324,48.06043058,160,102,367,561,469,721,72.08291413,voc_emotic_ava/AVA__912504.jpg,800,514,0,0,514,800
72.26601128,patches/AVA__936177.jpg,306,214,165,172,379,478,69.74282816,230,160,23,108,183,338,75.57656471,153,107,147,441,254,594,76.45844627,voc_emotic_ava/AVA__936177.jpg,767,536,0,0,536,767
58.41501389,patches/AVA__952714.jpg,316,208,36,130,244,446,76.18122722,237,156,195,306,351,543,70.87982145,158,104,240,529,344,687,60.99969499,voc_emotic_ava/AVA__952714.jpg,790,520,0,0,520,790
70.56382987,patches/AVA__933909.jpg,320,205,268,321,473,641,70.79659486,240,153,164,9,317,249,71.97424332,160,102,356,79,458,239,74.17248102,voc_emotic_ava/AVA__933909.jpg,800,513,0,0,513,800
78.53260774,patches/AVA__737826.jpg,288,228,94,231,322,519,82.48113281,216,171,213,469,384,685,75.71741353,144,114,407,517,521,661,73.91422459,voc_emotic_ava/AVA__737826.jpg,720,570,0,0,570,720
74.29205456,patches/AVA__938531.jpg,320,205,8,232,213,552,71.85520961,240,153,126,510,279,750,69.92818732,160,102,26,24,128,184,85.38060553,voc_emotic_ava/AVA__938531.jpg,800,513,0,0,513,800
80.82543879,patches/AVA__948733.jpg,320,204,184,270,388,590,76.96964878,240,153,65,472,218,712,67.70899933,160,102,345,611,447,771,73.75429787,voc_emotic_ava/AVA__948733.jpg,800,512,0,0,512,800
77.88237632,patches/EMOTIC__63cpdzbm913mm38ql2.jpg,340,192,211,464,403,804,73.52949668,255,144,331,176,475,431,53.26522866,170,96,95,570,191,740,71.30477617,voc_emotic_ava/EMOTIC__63cpdzbm913mm38ql2.jpg,852,480,0,0,480,852
73.51334891,patches/EMOTIC__6h85d8d0rrvntefpkq.jpg,340,192,40,422,232,762,70.4608407,255,144,301,505,445,760,51.07919772,170,96,47,88,143,258,70.44250934,voc_emotic_ava/EMOTIC__6h85d8d0rrvntefpkq.jpg,852,480,0,0,480,852
73.90159143,patches/EMOTIC__e6boj6smji3dnyouuj.jpg,340,192,41,250,233,590,71.89436898,255,144,250,464,394,719,56.36055322,170,96,315,2,411,172,73.25574742,voc_emotic_ava/EMOTIC__e6boj6smji3dnyouuj.jpg,852,480,0,0,480,852
58.19732497,patches/EMOTIC__e21mn5q3qdfpnalcek.jpg,340,192,262,509,454,849,75.976396,255,144,228,188,372,443,44.07869242,170,96,105,374,201,544,66.93874715,voc_emotic_ava/EMOTIC__e21mn5q3qdfpnalcek.jpg,852,480,0,0,480,852
70.4337999,patches/AVA__704876.jpg,288,227,303,395,530,683,69.48701918,216,170,6,221,176,437,70.70743738,144,113,443,288,556,432,79.87566491,voc_emotic_ava/AVA__704876.jpg,720,568,0,0,568,720
71.16630315,patches/EMOTIC__3j77g2s96huh7p9408.jpg,340,192,36,209,228,549,75.32661889,255,144,319,400,463,655,74.89081724,170,96,31,576,127,746,69.7382063,voc_emotic_ava/EMOTIC__3j77g2s96huh7p9408.jpg,852,480,0,0,480,852
82.06741527,patches/EMOTIC__0lvh9rdbv3ign3d4zc.jpg,340,192,159,191,351,531,79.04230907,255,144,322,498,466,753,74.44250946,170,96,64,157,160,327,80.97392938,voc_emotic_ava/EMOTIC__0lvh9rdbv3ign3d4zc.jpg,852,480,0,0,480,852
70.84284368,patches/EMOTIC__0oqlzxts85v8nvtiu3.jpg,300,218,256,220,474,520,77.35078589,225,163,292,521,455,746,70.49419055,150,109,101,207,210,357,75.84385306,voc_emotic_ava/EMOTIC__0oqlzxts85v8nvtiu3.jpg,750,545,0,0,545,750
73.24970541,patches/AVA__756541.jpg,288,226,314,394,540,682,61.53066492,216,170,265,98,435,314,56.28506938,144,113,37,48,150,192,66.81520661,voc_emotic_ava/AVA__756541.jpg,720,567,0,0,567,720
74.31439747,patches/EMOTIC__hdravaj3wtnod8po4a.jpg,382,170,248,344,418,726,77.46020476,286,128,158,63,286,349,69.88866755,191,85,41,215,126,406,72.25851854,voc_emotic_ava/EMOTIC__hdravaj3wtnod8po4a.jpg,956,427,0,0,427,956
62.99578362,patches/AVA__898498.jpg,320,204,257,426,461,746,84.17757108,240,153,119,187,272,427,64.36919039,160,102,31,627,133,787,69.37531884,voc_emotic_ava/AVA__898498.jpg,800,510,0,0,510,800
68.4227497,patches/AVA__898261.jpg,312,208,123,125,331,437,75.92034208,234,156,238,430,394,664,72.92335304,156,104,22,568,126,724,73.23869864,voc_emotic_ava/AVA__898261.jpg,782,521,0,0,521,782
70.49455628,patches/AVA__842036.jpg,300,216,305,81,521,381,65.08840874,225,162,333,504,495,729,70.21175297,150,108,34,224,142,374,71.71239256,voc_emotic_ava/AVA__842036.jpg,752,541,0,0,541,752
73.39454354,patches/AVA__695419.jpg,288,226,279,41,505,329,70.85786631,216,169,137,202,306,418,67.48173002,144,113,119,31,232,175,69.70561535,voc_emotic_ava/AVA__695419.jpg,720,565,0,0,565,720
64.16830414,patches/AVA__940113.jpg,320,203,202,11,405,331,78.4218915,240,152,271,269,423,509,65.81293688,160,101,93,342,194,502,75.03521987,voc_emotic_ava/AVA__940113.jpg,800,508,0,0,508,800
59.07701016,patches/AVA__954183.jpg,320,203,10,130,213,450,77.5222636,240,152,275,285,427,525,71.88561677,160,101,225,166,326,326,75.0847787,voc_emotic_ava/AVA__954183.jpg,800,508,0,0,508,800
83.58151892,patches/EMOTIC__5q6xvylwyg76201hf1.jpg,312,208,119,79,327,391,78.10450704,234,156,68,368,224,602,72.87098519,156,104,353,340,457,496,73.14797396,voc_emotic_ava/EMOTIC__5q6xvylwyg76201hf1.jpg,780,521,0,0,521,780
76.2974894,patches/AVA__812731.jpg,288,225,309,65,534,353,82.58679497,216,169,157,90,326,306,69.77180063,144,112,153,565,265,709,74.67721067,voc_emotic_ava/AVA__812731.jpg,720,564,0,0,564,720
67.93756702,patches/AVA__699642.jpg,288,225,171,206,396,494,62.16903604,216,169,326,474,495,690,69.24014845,144,112,25,416,137,560,60.22172652,voc_emotic_ava/AVA__699642.jpg,720,564,0,0,564,720
77.01990188,patches/AVA__949949.jpg,320,202,270,99,472,419,77.41665952,240,152,251,425,403,665,59.19529185,160,101,55,610,156,770,74.43197111,voc_emotic_ava/AVA__949949.jpg,800,507,0,0,507,800
74.55222145,patches/AVA__449390.jpg,288,225,236,43,461,331,72.00287894,216,168,210,279,378,495,73.36261044,144,112,106,269,218,413,72.58169961,voc_emotic_ava/AVA__449390.jpg,720,563,0,0,563,720
79.82504153,patches/AVA__878886.jpg,293,220,101,75,321,368,69.38643597,220,165,346,280,511,500,66.26805348,146,110,378,536,488,682,77.30010301,voc_emotic_ava/AVA__878886.jpg,734,552,0,0,552,734
81.56191282,patches/AVA__878426.jpg,320,202,52,322,254,642,79.89319028,240,151,293,45,444,285,71.95625349,160,101,138,23,239,183,79.30509435,voc_emotic_ava/AVA__878426.jpg,800,506,0,0,506,800
85.7046426,patches/AVA__723059.jpg,288,224,290,155,514,443,76.20943387,216,168,121,184,289,400,72.76084949,144,112,36,404,148,548,78.55427463,voc_emotic_ava/AVA__723059.jpg,720,562,0,0,562,720
74.4524219,patches/AVA__939257.jpg,316,204,12,360,216,676,80.67887013,237,153,176,267,329,504,74.66887007,158,102,394,498,496,656,70.63175663,voc_emotic_ava/AVA__939257.jpg,790,512,0,0,512,790
89.05741701,patches/AVA__903377.jpg,320,202,13,423,215,743,84.33938476,240,151,108,89,259,329,77.73478581,160,101,372,156,473,316,80.03102704,voc_emotic_ava/AVA__903377.jpg,800,505,0,0,505,800
63.95564993,patches/AVA__936299.jpg,320,202,89,439,291,759,67.89572282,240,151,11,192,162,432,59.88657488,160,101,150,51,251,211,66.71127107,voc_emotic_ava/AVA__936299.jpg,800,505,0,0,505,800
79.15983048,patches/AVA__921228.jpg,320,202,49,236,251,556,72.90992063,240,151,280,5,431,245,78.30547332,160,101,290,231,391,391,80.34028835,voc_emotic_ava/AVA__921228.jpg,800,505,0,0,505,800
82.53044668,patches/AVA__735585.jpg,288,224,216,13,440,301,80.07543822,216,168,192,352,360,568,73.28087622,144,112,34,190,146,334,85.73935124,voc_emotic_ava/AVA__735585.jpg,720,561,0,0,561,720
82.21672064,patches/AVA__677960.jpg,288,224,43,187,267,475,83.99311657,216,168,242,448,410,664,77.49131043,144,112,438,521,550,665,77.86449427,voc_emotic_ava/AVA__677960.jpg,720,561,0,0,561,720
81.69001583,patches/AVA__922328.jpg,311,207,300,451,507,762,73.5832189,233,155,295,200,450,433,68.69403618,155,103,104,219,207,374,75.65596151,voc_emotic_ava/AVA__922328.jpg,778,519,0,0,519,778
62.70052095,patches/AVA__458188.jpg,287,224,309,205,533,492,62.805304,215,168,294,32,462,247,70.93437187,143,112,405,503,517,646,64.92532624,voc_emotic_ava/AVA__458188.jpg,718,562,0,0,562,718
61.14283782,patches/AVA__498006.jpg,288,224,196,370,420,658,63.57390564,216,168,31,405,199,621,73.8062285,144,112,387,31,499,175,64.77380854,voc_emotic_ava/AVA__498006.jpg,720,560,0,0,560,720
78.0202837,patches/AVA__653038.jpg,288,224,130,7,354,295,68.98837481,216,168,349,18,517,234,67.84055985,144,112,214,573,326,717,69.73476297,voc_emotic_ava/AVA__653038.jpg,720,560,0,0,560,720
84.39779898,patches/AVA__917370.jpg,320,201,129,332,330,652,76.61762187,240,151,311,61,462,301,66.62275323,160,100,323,605,423,765,77.92036297,voc_emotic_ava/AVA__917370.jpg,800,504,0,0,504,800
73.79070353,patches/AVA__877745.jpg,320,201,125,74,326,394,74.62470097,240,151,67,354,218,594,77.88366189,160,100,252,438,352,598,72.43993041,voc_emotic_ava/AVA__877745.jpg,800,504,0,0,504,800
68.45889085,patches/AVA__775662.jpg,288,224,257,388,481,676,50.12260492,216,168,331,121,499,337,53.53128092,144,112,198,168,310,312,62.22359046,voc_emotic_ava/AVA__775662.jpg,720,560,0,0,560,720
87.43264848,patches/AVA__776889.jpg,287,224,156,86,380,373,77.25846574,215,168,52,421,220,636,83.46212688,143,112,250,567,362,710,80.93832844,voc_emotic_ava/AVA__776889.jpg,718,561,0,0,561,718
72.93078938,patches/AVA__750610.jpg,287,224,297,289,521,576,51.0982538,215,168,303,104,471,319,56.13255497,143,112,225,73,337,216,68.82229227,voc_emotic_ava/AVA__750610.jpg,719,560,0,0,560,719
68.37858058,patches/AVA__336344.jpg,288,223,265,387,488,675,62.27712345,216,167,10,389,177,605,54.35147274,144,111,282,274,393,418,70.88596614,voc_emotic_ava/AVA__336344.jpg,720,559,0,0,559,720
75.9043827,patches/AVA__902602.jpg,320,201,106,477,307,797,67.04316768,240,150,125,287,275,527,73.7133574,160,100,381,73,481,233,79.45988697,voc_emotic_ava/AVA__902602.jpg,800,503,0,0,503,800
78.90651733,patches/AVA__865261.jpg,320,201,95,323,296,643,74.96494581,240,150,258,536,408,776,68.57955067,160,100,271,188,371,348,67.5479397,voc_emotic_ava/AVA__865261.jpg,800,503,0,0,503,800
71.0523089,patches/AVA__840786.jpg,320,201,150,15,351,335,74.67826698,240,150,263,293,413,533,63.89737483,160,100,190,532,290,692,61.84882526,voc_emotic_ava/AVA__840786.jpg,800,503,0,0,503,800
68.03693865,patches/AVA__833816.jpg,316,203,121,179,324,495,48.3825897,237,152,28,503,180,740,68.96229367,158,101,22,9,123,167,52.91626011,voc_emotic_ava/AVA__833816.jpg,790,509,0,0,509,790
71.35572517,patches/AVA__638274.jpg,288,223,222,136,445,424,75.12497554,216,167,54,237,221,453,66.92118465,144,111,69,62,180,206,61.09033379,voc_emotic_ava/AVA__638274.jpg,720,558,0,0,558,720
65.30018117,patches/AVA__763788.jpg,279,229,308,237,537,516,64.14792285,209,172,83,272,255,481,68.30350774,139,114,53,82,167,221,62.45787622,voc_emotic_ava/AVA__763788.jpg,699,574,0,0,574,699
74.75866283,patches/AVA__763952.jpg,280,229,230,388,459,668,69.26547011,210,171,130,22,301,232,72.58356962,140,114,25,447,139,587,73.12307188,voc_emotic_ava/AVA__763952.jpg,700,573,0,0,573,700
54.13178738,patches/AVA__785473.jpg,288,222,301,228,523,516,69.76688865,216,167,91,367,258,583,63.31278137,144,111,253,88,364,232,74.40380271,voc_emotic_ava/AVA__785473.jpg,720,557,0,0,557,720
82.90787837,patches/AVA__835081.jpg,320,200,233,279,433,599,76.44146257,240,150,40,219,190,459,63.72890731,160,100,397,172,497,332,66.39113488,voc_emotic_ava/AVA__835081.jpg,800,501,0,0,501,800
77.23464796,patches/AVA__832046.jpg,288,222,253,200,475,488,77.96732174,216,166,166,5,332,221,73.39431638,144,111,125,250,236,394,76.76214919,voc_emotic_ava/AVA__832046.jpg,720,556,0,0,556,720
77.01832002,patches/AVA__815180.jpg,288,222,147,121,369,409,75.8009902,216,166,8,56,174,272,71.60514244,144,111,389,94,500,238,68.00177902,voc_emotic_ava/AVA__815180.jpg,720,556,0,0,556,720
48.17775674,patches/AVA__912759.jpg,288,222,34,164,256,452,40.75937347,216,166,300,392,466,608,51.116187,144,111,36,461,147,605,49.10805226,voc_emotic_ava/AVA__912759.jpg,720,556,0,0,556,720
62.58004387,patches/AVA__891278.jpg,320,200,264,77,464,397,63.70149209,240,150,74,552,224,792,47.4535452,160,100,380,600,480,760,54.78440956,voc_emotic_ava/AVA__891278.jpg,800,500,0,0,500,800
74.47366415,patches/AVA__836754.jpg,320,200,81,332,281,652,78.44596731,240,150,299,111,449,351,76.13240903,160,100,317,580,417,740,76.11171873,voc_emotic_ava/AVA__836754.jpg,800,500,0,0,500,800
80.61702653,patches/AVA__883372.jpg,320,200,76,430,276,750,83.72991469,240,150,343,161,493,401,83.74600354,160,100,252,355,352,515,78.182228,voc_emotic_ava/AVA__883372.jpg,800,500,0,0,500,800
80.9241234,patches/AVA__898957.jpg,320,200,4,438,204,758,78.27537359,240,150,157,305,307,545,72.67222945,160,100,230,121,330,281,75.22779592,voc_emotic_ava/AVA__898957.jpg,800,500,0,0,500,800
79.33379327,patches/AVA__738394.jpg,288,222,269,307,491,595,79.60108773,216,166,245,143,411,359,72.45575565,144,111,313,559,424,703,71.81907539,voc_emotic_ava/AVA__738394.jpg,720,555,0,0,555,720
77.07777538,patches/AVA__846694.jpg,288,222,124,53,346,341,74.34870524,216,166,69,296,235,512,70.33360924,144,111,246,384,357,528,69.86765963,voc_emotic_ava/AVA__846694.jpg,720,555,0,0,555,720
77.45786009,patches/AVA__841742.jpg,320,199,150,264,349,584,66.15282797,240,149,309,121,458,361,67.07546529,160,99,86,547,185,707,71.36745618,voc_emotic_ava/AVA__841742.jpg,800,499,0,0,499,800
73.2947592,patches/AVA__888171.jpg,320,199,158,465,357,785,78.19969935,240,149,198,24,347,264,68.21024778,160,99,52,258,151,418,79.76557471,voc_emotic_ava/AVA__888171.jpg,800,499,0,0,499,800
78.81904458,patches/AVA__832615.jpg,228,280,230,334,510,562,76.74132115,171,210,185,184,395,355,64.60799529,114,140,446,199,586,313,72.7370068,voc_emotic_ava/AVA__832615.jpg,570,700,0,0,700,570
77.99154805,patches/AVA__650743.jpg,240,266,325,101,591,341,78.37240253,180,199,378,389,577,569,70.2003259,120,133,55,118,188,238,72.25324712,voc_emotic_ava/AVA__650743.jpg,600,665,0,0,665,600
77.63594653,patches/AVA__577359.jpg,288,221,0,353,221,641,85.2509595,216,166,257,265,423,481,75.41439525,144,110,178,551,288,695,87.28966923,voc_emotic_ava/AVA__577359.jpg,720,554,0,0,554,720
73.50651382,patches/AVA__897098.jpg,320,199,102,254,301,574,76.24684253,240,149,342,210,491,450,63.10486593,160,99,32,629,131,789,68.01856324,voc_emotic_ava/AVA__897098.jpg,800,498,0,0,498,800
83.41030084,patches/AVA__867794.jpg,320,199,145,45,344,365,66.18271556,240,149,1,165,150,405,73.35352083,160,99,162,507,261,667,70.94927618,voc_emotic_ava/AVA__867794.jpg,800,498,0,0,498,800
78.5969896,patches/AVA__892420.jpg,319,199,98,282,297,601,55.68789607,239,149,318,183,467,422,55.0005536,159,99,312,381,411,540,61.84594139,voc_emotic_ava/AVA__892420.jpg,799,498,0,0,498,799
47.94399273,patches/AVA__948913.jpg,320,198,39,402,237,722,63.98387696,240,149,159,164,308,404,55.8084217,160,99,323,620,422,780,66.00688023,voc_emotic_ava/AVA__948913.jpg,800,497,0,0,497,800
83.53967876,patches/AVA__930709.jpg,320,198,19,349,217,669,83.83872933,240,149,312,89,461,329,75.55822896,160,99,278,363,377,523,73.67317459,voc_emotic_ava/AVA__930709.jpg,800,497,0,0,497,800
71.6837942,patches/AVA__752961.jpg,288,220,173,120,393,408,58.4813818,216,165,74,411,239,627,75.34417912,144,110,383,227,493,371,71.70549093,voc_emotic_ava/AVA__752961.jpg,720,552,0,0,552,720
63.82825645,patches/AVA__813236.jpg,288,220,24,222,244,510,57.22582851,216,165,309,54,474,270,52.02219214,144,110,355,531,465,675,64.1268926,voc_emotic_ava/AVA__813236.jpg,720,552,0,0,552,720
85.13993604,patches/AVA__935912.jpg,320,198,73,268,271,588,74.81239178,240,148,241,543,389,783,69.18751277,160,99,359,4,458,164,76.15947548,voc_emotic_ava/AVA__935912.jpg,800,496,0,0,496,800
78.1649114,patches/AVA__745204.jpg,288,220,242,169,462,457,74.80468272,216,165,165,387,330,603,56.55984881,144,110,78,200,188,344,67.16034595,voc_emotic_ava/AVA__745204.jpg,720,550,0,0,550,720
82.39106101,patches/AVA__720908.jpg,288,220,59,414,279,702,87.25132219,216,165,220,221,385,437,69.6407592,144,110,259,501,369,645,72.86857573,voc_emotic_ava/AVA__720908.jpg,720,550,0,0,550,720
77.10353455,patches/AVA__761553.jpg,288,220,28,231,248,519,68.78604174,216,165,362,106,527,322,85.34821685,144,110,98,518,208,662,80.87067709,voc_emotic_ava/AVA__761553.jpg,720,550,0,0,550,720
79.78326968,patches/AVA__636096.jpg,288,220,41,228,261,516,72.10837574,216,165,265,261,430,477,75.10705322,144,110,313,566,423,710,74.58432851,voc_emotic_ava/AVA__636096.jpg,720,550,0,0,550,720
69.14904136,patches/AVA__688868.jpg,288,219,197,295,416,583,79.382824,216,164,74,457,238,673,70.29697473,144,109,181,87,290,231,65.29802798,voc_emotic_ava/AVA__688868.jpg,720,549,0,0,549,720
75.00563551,patches/AVA__934019.jpg,320,197,263,358,460,678,74.35697124,240,148,127,42,275,282,68.69032183,160,98,27,423,125,583,71.95354219,voc_emotic_ava/AVA__934019.jpg,800,494,0,0,494,800
67.73801729,patches/AVA__926270.jpg,320,197,213,129,410,449,56.44887353,240,148,50,37,198,277,74.71033286,160,98,153,422,251,582,66.87363326,voc_emotic_ava/AVA__926270.jpg,800,494,0,0,494,800
78.74906988,patches/AVA__926820.jpg,320,197,152,133,349,453,70.26952742,240,148,329,429,477,669,74.23645201,160,98,59,189,157,349,64.75084413,voc_emotic_ava/AVA__926820.jpg,800,494,0,0,494,800
74.86997471,patches/AVA__497266.jpg,288,219,320,122,539,410,82.16907335,216,164,162,68,326,284,65.71105752,144,109,40,262,149,406,86.701146,voc_emotic_ava/AVA__497266.jpg,720,548,0,0,548,720
76.09080216,patches/AVA__666049.jpg,288,218,159,11,377,299,45.69492986,216,164,0,80,164,296,58.75053686,144,109,346,463,455,607,66.60452288,voc_emotic_ava/AVA__666049.jpg,720,547,0,0,547,720
78.70183989,patches/AVA__666437.jpg,288,218,103,152,321,440,64.37184681,216,164,252,40,416,256,54.21686966,144,109,344,529,453,673,65.9832303,voc_emotic_ava/AVA__666437.jpg,720,547,0,0,547,720
86.15406385,patches/AVA__830303.jpg,288,218,28,119,246,407,74.39598583,216,164,191,431,355,647,73.27313078,144,109,436,254,545,398,77.23793764,voc_emotic_ava/AVA__830303.jpg,720,547,0,0,547,720
78.79080501,patches/AVA__947576.jpg,320,196,246,52,442,372,67.69987171,240,147,31,148,178,388,55.07626146,160,98,290,465,388,625,75.48672858,voc_emotic_ava/AVA__947576.jpg,800,492,0,0,492,800
74.87789509,patches/AVA__886643.jpg,320,196,44,431,240,751,76.81377006,240,147,132,187,279,427,74.7369305,160,98,389,133,487,293,78.7251723,voc_emotic_ava/AVA__886643.jpg,800,492,0,0,492,800
66.81875288,patches/AVA__692560.jpg,288,218,50,152,268,440,71.98286587,216,163,313,466,476,682,76.59641899,144,109,277,299,386,443,67.15352832,voc_emotic_ava/AVA__692560.jpg,720,546,0,0,546,720
72.08487975,patches/AVA__634207.jpg,288,218,309,264,527,552,60.99151721,216,163,18,448,181,664,73.95081604,144,109,374,94,483,238,66.25048156,voc_emotic_ava/AVA__634207.jpg,720,546,0,0,546,720
77.12045946,patches/AVA__504647.jpg,288,218,93,29,311,317,58.22396597,216,163,383,444,546,660,70.12569698,144,109,258,388,367,532,75.772236,voc_emotic_ava/AVA__504647.jpg,720,546,0,0,546,720
77.74794636,patches/AVA__671389.jpg,288,218,28,360,246,648,79.29162669,216,163,312,165,475,381,67.17134865,144,109,164,34,273,178,73.46849503,voc_emotic_ava/AVA__671389.jpg,720,546,0,0,546,720
72.98335536,patches/AVA__741480.jpg,288,218,44,254,262,542,81.0942564,216,163,169,73,332,289,67.98544318,144,109,430,215,539,359,72.03200402,voc_emotic_ava/AVA__741480.jpg,720,545,0,0,545,720
79.43740717,patches/AVA__839900.jpg,280,224,280,84,504,364,78.5776079,210,168,105,455,273,665,69.80649716,140,112,162,188,274,328,80.81078363,voc_emotic_ava/AVA__839900.jpg,700,560,0,0,560,700
65.86891726,patches/AVA__818159.jpg,224,280,47,46,327,270,71.4297328,168,210,257,204,467,372,72.62828576,112,140,368,390,508,502,74.42755776,voc_emotic_ava/AVA__818159.jpg,560,700,0,0,700,560
79.87239804,patches/AVA__849645.jpg,224,280,317,155,597,379,74.90195843,168,210,465,346,675,514,53.07748991,112,140,86,100,226,212,74.61828537,voc_emotic_ava/AVA__849645.jpg,560,700,0,0,700,560
54.66181315,patches/AVA__674881.jpg,280,224,21,367,245,647,76.59221237,210,168,119,39,287,249,68.1625815,140,112,152,262,264,402,80.02267271,voc_emotic_ava/AVA__674881.jpg,700,560,0,0,560,700
81.95952466,patches/AVA__718735.jpg,280,224,163,348,387,628,74.13300398,210,168,211,39,379,249,69.52173495,140,112,391,108,503,248,82.67650753,voc_emotic_ava/AVA__718735.jpg,700,560,0,0,560,700
83.8218915,patches/AVA__804886.jpg,224,280,244,196,524,420,77.50647095,168,210,60,67,270,235,72.63347219,112,140,516,445,656,557,75.00773379,voc_emotic_ava/AVA__804886.jpg,560,700,0,0,700,560
78.69931976,patches/AVA__564571.jpg,288,217,99,154,316,442,70.23170308,216,163,301,168,464,384,71.28949649,144,108,179,504,287,648,77.48291411,voc_emotic_ava/AVA__564571.jpg,720,544,0,0,544,720
86.1538741,patches/AVA__802076.jpg,288,217,110,10,327,298,70.12261614,216,163,349,90,512,306,73.1102227,144,108,178,281,286,425,78.37227661,voc_emotic_ava/AVA__802076.jpg,720,544,0,0,544,720
82.93311594,patches/AVA__684604.jpg,287,218,257,62,475,349,77.29470845,215,163,349,493,512,708,79.01986996,143,109,14,530,123,673,73.3976837,voc_emotic_ava/AVA__684604.jpg,718,545,0,0,545,718
77.84946894,patches/AVA__892290.jpg,320,195,278,121,473,441,76.58015208,240,146,87,225,233,465,74.21467454,160,97,73,507,170,667,81.75161271,voc_emotic_ava/AVA__892290.jpg,800,489,0,0,489,800
86.49908559,patches/AVA__934151.jpg,320,195,211,202,406,522,78.06397931,240,146,191,557,337,797,79.97479588,160,97,63,556,160,716,80.6609853,voc_emotic_ava/AVA__934151.jpg,800,489,0,0,489,800
81.18054642,patches/AVA__758434.jpg,286,218,104,92,322,378,75.23861736,214,164,356,26,520,240,72.12322303,143,109,38,488,147,631,80.4964488,voc_emotic_ava/AVA__758434.jpg,715,547,0,0,547,715
71.41954067,patches/AVA__753086.jpg,288,217,26,268,243,556,62.53142949,216,162,364,277,526,493,72.83574111,144,108,420,516,528,660,67.38442698,voc_emotic_ava/AVA__753086.jpg,720,543,0,0,543,720
51.37286899,patches/AVA__800846.jpg,288,217,316,315,533,603,75.71389434,216,162,110,149,272,365,65.83018062,144,108,19,520,127,664,75.38261028,voc_emotic_ava/AVA__800846.jpg,720,543,0,0,543,720
88.98302692,patches/AVA__443994.jpg,288,217,255,265,472,553,66.5567301,216,162,199,118,361,334,54.78926818,144,108,30,359,138,503,72.21014067,voc_emotic_ava/AVA__443994.jpg,720,543,0,0,543,720
68.7570722,patches/AVA__786133.jpg,288,217,101,78,318,366,82.31606222,216,162,121,349,283,565,71.54728148,144,108,201,573,309,717,70.70167521,voc_emotic_ava/AVA__786133.jpg,720,543,0,0,543,720
62.77376284,patches/AVA__663867.jpg,288,217,255,46,472,334,69.41533588,216,162,27,260,189,476,62.86148716,144,108,184,262,292,406,61.73548254,voc_emotic_ava/AVA__663867.jpg,720,543,0,0,543,720
78.65473131,patches/AVA__684189.jpg,288,217,129,294,346,582,55.86133091,216,162,11,30,173,246,66.37003837,144,108,382,304,490,448,68.59076749,voc_emotic_ava/AVA__684189.jpg,720,543,0,0,543,720
79.64257671,patches/AVA__693275.jpg,288,217,286,274,503,562,83.00998945,216,162,135,365,297,581,78.03927952,144,108,2,113,110,257,81.33735502,voc_emotic_ava/AVA__693275.jpg,720,543,0,0,543,720
78.98644103,patches/AVA__754575.jpg,288,217,147,313,364,601,77.90796224,216,162,51,49,213,265,80.55411729,144,108,422,264,530,408,79.90023149,voc_emotic_ava/AVA__754575.jpg,720,543,0,0,543,720
77.29225216,patches/AVA__857997.jpg,319,195,64,432,259,751,81.59274205,239,146,228,251,374,490,80.36059938,159,97,69,312,166,471,72.1864928,voc_emotic_ava/AVA__857997.jpg,799,489,0,0,489,799
77.48872097,patches/AVA__903655.jpg,320,195,274,440,469,760,70.30143535,240,146,247,246,393,486,63.51004075,160,97,8,15,105,175,68.25506818,voc_emotic_ava/AVA__903655.jpg,800,488,0,0,488,800
82.20717878,patches/AVA__886448.jpg,320,194,124,368,318,688,70.68274185,240,146,173,129,319,369,67.03803779,160,97,354,530,451,690,70.30627421,voc_emotic_ava/AVA__886448.jpg,800,487,0,0,487,800
72.19784674,patches/AVA__931583.jpg,320,194,227,191,421,511,75.73508915,240,146,300,454,446,694,74.76268465,160,97,138,479,235,639,77.15269186,voc_emotic_ava/AVA__931583.jpg,800,487,0,0,487,800
82.05616902,patches/AVA__657301.jpg,288,216,48,207,264,495,74.41276743,216,162,330,94,492,310,78.99557942,144,108,301,574,409,718,79.0748214,voc_emotic_ava/AVA__657301.jpg,720,541,0,0,541,720
75.55067972,patches/AVA__777523.jpg,288,216,136,93,352,381,48.23105533,216,162,347,204,509,420,74.34776233,144,108,43,457,151,601,80.12286193,voc_emotic_ava/AVA__777523.jpg,720,540,0,0,540,720
78.78448168,patches/AVA__563593.jpg,288,216,62,354,278,642,77.46748213,216,162,185,108,347,324,60.68323713,144,108,369,501,477,645,77.91661209,voc_emotic_ava/AVA__563593.jpg,720,540,0,0,540,720
72.99520708,patches/AVA__451907.jpg,288,216,214,273,430,561,53.32463501,216,162,40,289,202,505,63.14132869,144,108,431,497,539,641,76.21262311,voc_emotic_ava/AVA__451907.jpg,720,540,0,0,540,720
72.98339229,patches/AVA__750623.jpg,288,216,179,53,395,341,53.5106096,216,162,225,434,387,650,57.17076187,144,108,379,506,487,650,60.40846151,voc_emotic_ava/AVA__750623.jpg,720,540,0,0,540,720
67.14426136,patches/AVA__750140.jpg,288,216,62,340,278,628,57.15456509,216,162,351,22,513,238,50.93155597,144,108,431,199,539,343,55.46066991,voc_emotic_ava/AVA__750140.jpg,720,540,0,0,540,720
59.63865585,patches/AVA__403612.jpg,288,216,262,6,478,294,71.74043301,216,162,343,474,505,690,72.21332911,144,108,47,406,155,550,68.92305735,voc_emotic_ava/AVA__403612.jpg,720,540,0,0,540,720
61.94947755,patches/AVA__740284.jpg,288,216,162,193,378,481,83.21593292,216,162,122,31,284,247,60.70230855,144,108,276,550,384,694,71.22193239,voc_emotic_ava/AVA__740284.jpg,720,540,0,0,540,720
75.23152543,patches/AVA__739515.jpg,288,216,324,178,540,466,69.66185624,216,162,101,233,263,449,65.29089412,144,108,77,460,185,604,71.13455333,voc_emotic_ava/AVA__739515.jpg,720,540,0,0,540,720
75.3869211,patches/AVA__503624.jpg,288,216,320,187,536,475,76.34541926,216,162,228,389,390,605,75.24542795,144,108,321,0,429,144,78.04011303,voc_emotic_ava/AVA__503624.jpg,720,540,0,0,540,720
58.35766605,patches/AVA__875358.jpg,288,216,308,3,524,291,71.21303019,216,162,72,343,234,559,78.77485245,144,108,87,188,195,332,65.62445529,voc_emotic_ava/AVA__875358.jpg,720,540,0,0,540,720
87.57846792,patches/AVA__719138.jpg,288,216,192,3,408,291,84.41090814,216,162,267,421,429,637,76.30062513,144,108,379,259,487,403,78.38344574,voc_emotic_ava/AVA__719138.jpg,720,540,0,0,540,720
76.32401915,patches/AVA__632930.jpg,288,216,316,325,532,613,78.69810958,216,162,176,416,338,632,69.93839724,144,108,320,42,428,186,77.34477889,voc_emotic_ava/AVA__632930.jpg,720,540,0,0,540,720
74.2080003,patches/AVA__635566.jpg,288,216,266,366,482,654,72.11569007,216,162,162,66,324,282,56.97605615,144,108,14,422,122,566,67.69988021,voc_emotic_ava/AVA__635566.jpg,720,540,0,0,540,720
62.86979367,patches/AVA__837428.jpg,288,216,97,272,313,560,65.94085472,216,162,193,5,355,221,54.30460114,144,108,17,93,125,237,73.55758606,voc_emotic_ava/AVA__837428.jpg,720,540,0,0,540,720
62.45985863,patches/AVA__677886.jpg,288,216,59,327,275,615,55.62763456,216,162,255,164,417,380,64.53086645,144,108,12,569,120,713,56.36605714,voc_emotic_ava/AVA__677886.jpg,720,540,0,0,540,720
80.79853971,patches/AVA__708166.jpg,288,216,7,247,223,535,74.5411739,216,162,181,458,343,674,75.32998395,144,108,83,528,191,672,77.14433765,voc_emotic_ava/AVA__708166.jpg,720,540,0,0,540,720
82.967923,patches/AVA__447620.jpg,288,216,324,69,540,357,78.30821716,216,162,356,420,518,636,52.79091479,144,108,44,484,152,628,74.28706748,voc_emotic_ava/AVA__447620.jpg,720,540,0,0,540,720
86.56025666,patches/AVA__645571.jpg,288,216,68,123,284,411,79.96979215,216,162,62,488,224,704,75.70826548,144,108,222,40,330,184,79.60174994,voc_emotic_ava/AVA__645571.jpg,720,540,0,0,540,720
77.93485977,patches/AVA__786298.jpg,288,216,200,52,416,340,77.67466059,216,162,86,238,248,454,70.07531947,144,108,315,400,423,544,73.325485,voc_emotic_ava/AVA__786298.jpg,720,540,0,0,540,720
71.58019753,patches/EMOTIC__sun_aqdgdufzitslxyrd.jpg,288,216,120,107,336,395,79.03277369,216,162,13,356,175,572,74.39465357,144,108,416,559,524,703,73.44093935,voc_emotic_ava/EMOTIC__sun_aqdgdufzitslxyrd.jpg,720,540,0,0,540,720
84.39049873,patches/AVA__772473.jpg,288,216,123,119,339,407,79.81686743,216,162,323,486,485,702,76.70932629,144,108,116,557,224,701,81.75011716,voc_emotic_ava/AVA__772473.jpg,720,540,0,0,540,720
77.38428239,patches/AVA__785904.jpg,288,216,120,62,336,350,77.8482397,216,162,165,435,327,651,80.4041628,144,108,29,227,137,371,77.92987152,voc_emotic_ava/AVA__785904.jpg,720,540,0,0,540,720
87.50938346,patches/AVA__650565.jpg,288,216,158,268,374,556,64.37796098,216,162,250,72,412,288,72.13667047,144,108,102,113,210,257,89.93607774,voc_emotic_ava/AVA__650565.jpg,720,540,0,0,540,720
83.24770749,patches/AVA__832152.jpg,288,216,36,9,252,297,63.52489643,216,162,369,160,531,376,66.34272996,144,108,25,289,133,433,66.9670885,voc_emotic_ava/AVA__832152.jpg,720,540,0,0,540,720
73.37008316,patches/AVA__456006.jpg,288,216,134,129,350,417,71.51444118,216,162,23,447,185,663,68.61853169,144,108,209,451,317,595,69.80641808,voc_emotic_ava/AVA__456006.jpg,720,540,0,0,540,720
73.98544494,patches/AVA__770222.jpg,288,216,57,144,273,432,77.74047276,216,162,333,261,495,477,68.06625459,144,108,151,539,259,683,75.70472798,voc_emotic_ava/AVA__770222.jpg,720,540,0,0,540,720
88.68856128,patches/AVA__807205.jpg,288,216,222,133,438,421,73.83436446,216,162,79,34,241,250,68.8254646,144,108,77,414,185,558,69.5249547,voc_emotic_ava/AVA__807205.jpg,720,540,0,0,540,720
70.85213775,patches/AVA__801375.jpg,288,216,305,223,521,511,73.4949377,216,162,110,200,272,416,71.90174447,144,108,310,561,418,705,73.72967886,voc_emotic_ava/AVA__801375.jpg,720,540,0,0,540,720
91.21720794,patches/AVA__840079.jpg,306,202,5,271,207,577,78.68295302,229,152,151,38,303,267,75.46736212,153,101,277,359,378,512,75.6187529,voc_emotic_ava/AVA__840079.jpg,766,507,0,0,507,766
75.64731426,patches/AVA__729646.jpg,288,215,71,306,286,594,74.78752429,216,161,327,218,488,434,60.53678431,144,107,106,33,213,177,58.60377294,voc_emotic_ava/AVA__729646.jpg,720,539,0,0,539,720
86.18696073,patches/AVA__726933.jpg,288,215,155,86,370,374,77.23070467,216,161,52,266,213,482,60.11162835,144,107,8,31,115,175,74.21395932,voc_emotic_ava/AVA__726933.jpg,720,539,0,0,539,720
74.02237261,patches/AVA__900112.jpg,291,213,320,190,533,481,69.26537684,218,159,27,82,186,300,68.40470785,145,106,418,512,524,657,74.92658784,voc_emotic_ava/AVA__900112.jpg,728,533,0,0,533,728
75.07085946,patches/AVA__880004.jpg,320,194,173,48,367,368,58.83355186,240,145,182,556,327,796,50.29516188,160,97,60,111,157,271,73.84254526,voc_emotic_ava/AVA__880004.jpg,800,485,0,0,485,800
64.34153418,patches/AVA__496914.jpg,287,215,178,414,393,701,70.90257603,215,161,7,470,168,685,57.95411028,143,107,386,185,493,328,67.2104639,voc_emotic_ava/AVA__496914.jpg,719,539,0,0,539,719
58.89715686,patches/AVA__396768.jpg,288,215,317,375,532,663,73.06737423,216,161,220,216,381,432,72.34426913,144,107,94,331,201,475,69.30447641,voc_emotic_ava/AVA__396768.jpg,720,538,0,0,538,720
88.04398336,patches/AVA__768705.jpg,288,215,188,65,403,353,74.15557599,216,161,68,39,229,255,72.33332756,144,107,121,433,228,577,76.1659833,voc_emotic_ava/AVA__768705.jpg,720,538,0,0,538,720
82.11618222,patches/AVA__847680.jpg,320,193,186,330,379,650,78.19982884,240,145,203,63,348,303,72.6883128,160,96,37,367,133,527,75.01821396,voc_emotic_ava/AVA__847680.jpg,800,484,0,0,484,800
73.73850347,patches/AVA__857064.jpg,320,193,49,73,242,393,75.39622237,240,145,158,355,303,595,54.0482838,160,96,321,23,417,183,72.20797103,voc_emotic_ava/AVA__857064.jpg,800,484,0,0,484,800
46.95140232,patches/AVA__906486.jpg,308,200,110,406,310,714,57.0222782,231,150,49,221,199,452,51.81839074,154,100,379,514,479,668,50.65603287,voc_emotic_ava/AVA__906486.jpg,771,502,0,0,502,771
69.09653952,patches/AVA__847636.jpg,227,272,131,335,403,562,75.6061905,170,204,228,163,432,333,60.34244604,113,136,89,157,225,270,72.71064153,voc_emotic_ava/AVA__847636.jpg,569,680,0,0,680,569
76.00642911,patches/AVA__650563.jpg,288,214,320,323,534,611,87.74923182,216,161,59,471,220,687,55.53833126,144,107,122,89,229,233,75.11921273,voc_emotic_ava/AVA__650563.jpg,720,537,0,0,537,720
79.12473725,patches/AVA__769136.jpg,288,214,203,50,417,338,69.10888945,216,161,77,137,238,353,71.60898126,144,107,371,398,478,542,82.84780827,voc_emotic_ava/AVA__769136.jpg,720,537,0,0,537,720
81.93052053,patches/AVA__647537.jpg,288,214,273,27,487,315,78.5415788,216,161,204,371,365,587,64.70780893,144,107,146,195,253,339,78.53136618,voc_emotic_ava/AVA__647537.jpg,720,537,0,0,537,720
69.51348844,patches/AVA__875544.jpg,320,193,207,71,400,391,72.06027159,240,144,59,155,203,395,70.01360074,160,96,365,291,461,451,68.88147683,voc_emotic_ava/AVA__875544.jpg,800,483,0,0,483,800
76.22857247,patches/AVA__881144.jpg,320,193,15,279,208,599,78.4520049,240,144,231,449,375,689,79.22249458,160,96,171,135,267,295,76.5230829,voc_emotic_ava/AVA__881144.jpg,800,483,0,0,483,800
68.89545634,patches/AVA__908614.jpg,316,195,77,62,272,378,80.49856976,237,146,201,514,347,751,74.34658447,158,97,386,602,483,760,68.55037116,voc_emotic_ava/AVA__908614.jpg,790,489,0,0,489,790
67.94573606,patches/AVA__768734.jpg,288,214,132,76,346,364,59.478964,216,160,136,393,296,609,66.43434267,144,107,277,560,384,704,73.48826581,voc_emotic_ava/AVA__768734.jpg,720,536,0,0,536,720
56.19530395,patches/AVA__815394.jpg,288,214,284,431,498,719,81.67593521,216,160,50,137,210,353,57.16281319,144,107,410,70,517,214,77.24591851,voc_emotic_ava/AVA__815394.jpg,720,536,0,0,536,720
69.39982114,patches/AVA__932127.jpg,320,192,107,274,299,594,79.83084635,240,144,271,43,415,283,70.7870482,160,96,32,197,128,357,79.50576146,voc_emotic_ava/AVA__932127.jpg,800,482,0,0,482,800
86.47316946,patches/AVA__945448.jpg,320,192,123,340,315,660,72.04980134,240,144,320,516,464,756,67.16600895,160,96,19,239,115,399,83.18520387,voc_emotic_ava/AVA__945448.jpg,800,482,0,0,482,800
75.65260551,patches/AVA__799455.jpg,288,214,173,77,387,365,71.00307763,216,160,1,157,161,373,71.13048859,144,107,208,368,315,512,72.76559074,voc_emotic_ava/AVA__799455.jpg,720,535,0,0,535,720
82.206547,patches/AVA__829543.jpg,288,214,185,268,399,556,74.57210994,216,160,361,259,521,475,77.24626097,144,107,340,149,447,293,72.9011575,voc_emotic_ava/AVA__829543.jpg,720,535,0,0,535,720
74.55721164,patches/AVA__680723.jpg,220,280,130,86,410,306,64.24696553,165,210,346,35,556,200,64.31805591,110,140,456,406,596,516,59.90435418,voc_emotic_ava/AVA__680723.jpg,550,700,0,0,700,550
71.16147592,patches/AVA__906847.jpg,320,192,228,367,420,687,74.40629394,240,144,252,96,396,336,58.47508183,160,96,71,338,167,498,68.96682435,voc_emotic_ava/AVA__906847.jpg,800,481,0,0,481,800
78.59931625,patches/AVA__855965.jpg,320,192,31,157,223,477,74.17589152,240,144,220,216,364,456,70.94040604,160,96,193,92,289,252,72.79259763,voc_emotic_ava/AVA__855965.jpg,800,481,0,0,481,800
80.72483868,patches/AVA__771727.jpg,288,213,116,323,329,611,81.21929292,216,160,370,365,530,581,71.94164375,144,106,26,511,132,655,75.03550171,voc_emotic_ava/AVA__771727.jpg,720,534,0,0,534,720
76.48415456,patches/AVA__385439.jpg,288,213,211,305,424,593,79.32850907,216,160,211,41,371,257,50.0657424,144,106,29,448,135,592,74.30789001,voc_emotic_ava/AVA__385439.jpg,720,534,0,0,534,720
30.6763845,patches/AVA__924250.jpg,320,192,54,384,246,704,79.63690643,240,144,299,188,443,428,60.1104239,160,96,295,609,391,769,50.59817209,voc_emotic_ava/AVA__924250.jpg,800,480,0,0,480,800
75.03465852,patches/AVA__857142.jpg,320,192,93,259,285,579,72.74575988,240,144,210,17,354,257,72.93936613,160,96,344,621,440,781,79.00855158,voc_emotic_ava/AVA__857142.jpg,800,480,0,0,480,800
73.01160381,patches/AVA__778617.jpg,288,213,68,230,281,518,76.90151395,216,159,231,458,390,674,63.01760109,144,106,419,427,525,571,64.84444191,voc_emotic_ava/AVA__778617.jpg,720,533,0,0,533,720
79.88018643,patches/AVA__698736.jpg,280,219,256,220,475,500,88.39780233,210,164,350,3,514,213,71.16708278,140,109,140,378,249,518,77.02566758,voc_emotic_ava/AVA__698736.jpg,700,548,0,0,548,700
76.50593819,patches/AVA__896811.jpg,219,280,378,175,658,394,86.16284425,164,210,170,200,380,364,80.49820777,109,140,320,83,460,192,76.07426793,voc_emotic_ava/AVA__896811.jpg,548,700,0,0,700,548
74.67180759,patches/AVA__870778.jpg,320,191,17,326,208,646,68.38323261,240,143,198,43,341,283,71.05261492,160,95,257,414,352,574,71.48680639,voc_emotic_ava/AVA__870778.jpg,800,479,0,0,479,800
77.39677597,patches/AVA__645580.jpg,288,212,115,383,327,671,64.35689962,216,159,362,420,521,636,51.09594775,144,106,425,262,531,406,76.94479489,voc_emotic_ava/AVA__645580.jpg,720,532,0,0,532,720
77.0483347,patches/AVA__768867.jpg,288,212,249,3,461,291,64.2279039,216,159,332,407,491,623,73.53555335,144,106,67,185,173,329,75.90125127,voc_emotic_ava/AVA__768867.jpg,720,532,0,0,532,720
58.45975936,patches/AVA__825413.jpg,218,280,147,110,427,328,80.19928262,164,210,334,247,544,411,64.73493595,109,140,502,86,642,195,74.74231802,voc_emotic_ava/AVA__825413.jpg,547,700,0,0,700,547
58.9065631,patches/AVA__632923.jpg,288,212,285,339,497,627,70.85710652,216,159,298,36,457,252,45.54222538,144,106,88,170,194,314,56.72373735,voc_emotic_ava/AVA__632923.jpg,720,531,0,0,531,720
82.06293903,patches/AVA__754704.jpg,288,212,292,228,504,516,78.23971824,216,159,273,503,432,719,77.19070721,144,106,183,311,289,455,75.74190273,voc_emotic_ava/AVA__754704.jpg,720,531,0,0,531,720
80.82219588,patches/AVA__755803.jpg,288,212,257,197,469,485,87.7437272,216,159,288,491,447,707,76.44072926,144,106,175,433,281,577,81.38377665,voc_emotic_ava/AVA__755803.jpg,720,531,0,0,531,720
79.13898001,patches/AVA__652879.jpg,218,280,410,46,690,264,69.82612382,163,210,380,311,590,474,79.08270823,109,140,55,283,195,392,70.12450084,voc_emotic_ava/AVA__652879.jpg,546,700,0,0,700,546
47.08570381,patches/AVA__830694.jpg,288,212,33,329,245,617,43.27521867,216,159,163,181,322,397,48.44372358,144,106,316,96,422,240,13.59913136,voc_emotic_ava/AVA__830694.jpg,720,530,0,0,530,720
76.41729566,patches/AVA__438149.jpg,288,212,257,186,469,474,75.41947117,216,159,106,336,265,552,71.77599794,144,106,27,456,133,600,75.68104517,voc_emotic_ava/AVA__438149.jpg,720,530,0,0,530,720
49.72701856,patches/AVA__822671.jpg,288,212,159,72,371,360,49.52287979,216,159,365,84,524,300,57.55982717,144,106,341,303,447,447,45.76500347,voc_emotic_ava/AVA__822671.jpg,720,530,0,0,530,720
73.56228807,patches/AVA__749822.jpg,288,212,310,139,522,427,74.44021635,216,159,216,473,375,689,69.77658322,144,106,165,61,271,205,70.93671495,voc_emotic_ava/AVA__749822.jpg,720,530,0,0,530,720
78.16255917,patches/AVA__497943.jpg,288,212,158,367,370,655,71.84061304,216,159,6,44,165,260,64.32557431,144,106,392,11,498,155,79.22450267,voc_emotic_ava/AVA__497943.jpg,720,530,0,0,530,720
69.31642893,patches/AVA__336038.jpg,288,212,184,309,396,597,66.40894328,216,159,275,7,434,223,68.7084462,144,106,176,161,282,305,58.25122199,voc_emotic_ava/AVA__336038.jpg,720,530,0,0,530,720
77.18161059,patches/AVA__818039.jpg,288,212,122,144,334,432,78.54575574,216,159,283,327,442,543,71.95213524,144,106,321,170,427,314,80.29033479,voc_emotic_ava/AVA__818039.jpg,720,530,0,0,530,720
82.3156175,patches/AVA__735311.jpg,286,212,163,398,375,684,64.46897907,214,159,360,464,519,678,71.25367461,143,106,408,23,514,166,79.5145333,voc_emotic_ava/AVA__735311.jpg,716,532,0,0,532,716
77.04762407,patches/AVA__830511.jpg,288,211,107,361,318,649,80.76608253,216,158,368,324,526,540,73.0039053,144,105,303,470,408,614,82.90167838,voc_emotic_ava/AVA__830511.jpg,720,529,0,0,529,720
79.20736596,patches/AVA__733539.jpg,288,211,234,74,445,362,72.74762277,216,158,119,458,277,674,74.73561931,144,105,58,390,163,534,71.20538202,voc_emotic_ava/AVA__733539.jpg,720,529,0,0,529,720
53.89093393,patches/AVA__801966.jpg,280,217,48,103,265,383,61.55242112,210,163,153,392,316,602,72.69579053,140,108,298,296,406,436,65.59288895,voc_emotic_ava/AVA__801966.jpg,700,544,0,0,544,700
90.8322059,patches/AVA__892051.jpg,220,276,45,148,321,368,78.3572543,165,207,263,50,470,215,67.88906722,110,138,467,255,605,365,75.99669309,voc_emotic_ava/AVA__892051.jpg,550,692,0,0,692,550
88.54177844,patches/AVA__806777.jpg,288,211,247,324,458,612,74.87053813,216,158,157,35,315,251,78.37983855,144,105,131,268,236,412,79.58274516,voc_emotic_ava/AVA__806777.jpg,720,528,0,0,528,720
80.59617314,patches/AVA__760048.jpg,288,211,174,17,385,305,70.92900872,216,158,272,369,430,585,72.00827402,144,105,83,89,188,233,83.17072012,voc_emotic_ava/AVA__760048.jpg,720,528,0,0,528,720
77.48407072,patches/AVA__709134.jpg,288,211,119,310,330,598,74.08901069,216,158,135,85,293,301,68.55662866,144,105,293,198,398,342,69.52116336,voc_emotic_ava/AVA__709134.jpg,720,528,0,0,528,720
76.88928385,patches/AVA__786609.jpg,288,211,190,356,401,644,82.23840548,216,158,32,49,190,265,73.74083906,144,105,224,150,329,294,63.59124695,voc_emotic_ava/AVA__786609.jpg,720,528,0,0,528,720
76.06755445,patches/AVA__772148.jpg,288,211,201,42,412,330,75.96492331,216,158,10,418,168,634,79.60346379,144,105,137,248,242,392,78.26177791,voc_emotic_ava/AVA__772148.jpg,720,528,0,0,528,720
69.26874232,patches/AVA__860891.jpg,312,194,27,19,221,331,73.2273923,234,146,292,114,438,348,59.5434127,156,97,11,596,108,752,76.06408136,voc_emotic_ava/AVA__860891.jpg,780,487,0,0,487,780
75.03729244,patches/AVA__664944.jpg,288,210,7,431,217,719,81.32608328,216,158,177,243,335,459,81.24083804,144,105,191,109,296,253,77.95725562,voc_emotic_ava/AVA__664944.jpg,720,527,0,0,527,720
82.53658632,patches/AVA__669016.jpg,288,210,22,331,232,619,64.63090682,216,158,13,69,171,285,59.89055314,144,105,271,441,376,585,74.78330288,voc_emotic_ava/AVA__669016.jpg,720,527,0,0,527,720
77.61128307,patches/AVA__503006.jpg,288,210,216,284,426,572,77.07614716,216,158,246,110,404,326,75.98954909,144,105,360,522,465,666,76.17707307,voc_emotic_ava/AVA__503006.jpg,720,527,0,0,527,720
79.42385923,patches/AVA__782596.jpg,288,210,36,404,246,692,83.62195035,216,158,323,70,481,286,73.80188619,144,105,362,405,467,549,72.26540856,voc_emotic_ava/AVA__782596.jpg,720,527,0,0,527,720
71.72417847,patches/AVA__758296.jpg,288,210,283,299,493,587,71.97223733,216,158,155,89,313,305,71.16487298,144,105,26,219,131,363,64.81989487,voc_emotic_ava/AVA__758296.jpg,720,527,0,0,527,720
76.49696661,patches/AVA__899304.jpg,300,202,288,125,490,425,56.03077404,225,151,28,2,179,227,57.85629236,150,101,357,9,458,159,80.81678637,voc_emotic_ava/AVA__899304.jpg,750,505,0,0,505,750
72.9520504,patches/AVA__754559.jpg,288,210,148,148,358,436,68.14940221,216,157,346,89,503,305,68.36729465,144,105,325,570,430,714,67.59395132,voc_emotic_ava/AVA__754559.jpg,720,526,0,0,526,720
75.04756757,patches/AVA__706312.jpg,288,210,163,147,373,435,68.95190309,216,157,360,222,517,438,66.94942279,144,105,348,96,453,240,73.26229629,voc_emotic_ava/AVA__706312.jpg,720,526,0,0,526,720
82.74268469,patches/EMOTIC__gy4k44w23t7we14vod.jpg,332,182,56,363,238,695,74.54385592,249,136,132,170,268,419,67.59675497,166,91,222,439,313,605,84.19522034,voc_emotic_ava/EMOTIC__gy4k44w23t7we14vod.jpg,830,456,0,0,456,830
77.57067111,patches/AVA__905724.jpg,320,189,148,437,337,757,58.92827122,240,141,37,397,178,637,69.01248929,160,94,336,545,430,705,79.66312819,voc_emotic_ava/AVA__905724.jpg,800,473,0,0,473,800
91.53306622,patches/AVA__378069.jpg,288,210,174,141,384,429,72.91868639,216,157,2,331,159,547,69.62591631,144,105,298,24,403,168,83.11505957,voc_emotic_ava/AVA__378069.jpg,720,525,0,0,525,720
72.03172669,patches/AVA__788261.jpg,288,210,42,288,252,576,70.2973802,216,157,188,162,345,378,62.74806592,144,105,386,479,491,623,70.00076167,voc_emotic_ava/AVA__788261.jpg,720,525,0,0,525,720
75.76301409,patches/AVA__755606.jpg,288,210,221,293,431,581,40.8429805,216,157,203,96,360,312,76.5043127,144,105,45,369,150,513,71.92699618,voc_emotic_ava/AVA__755606.jpg,720,525,0,0,525,720
74.81037613,patches/AVA__757584.jpg,288,209,196,200,405,488,66.85855851,216,157,221,489,378,705,53.64954323,144,104,405,467,509,611,68.61966538,voc_emotic_ava/AVA__757584.jpg,720,524,0,0,524,720
73.82479002,patches/AVA__722499.jpg,215,280,100,89,380,304,79.01704728,161,210,332,375,542,536,74.01600262,107,140,542,191,682,298,66.80076323,voc_emotic_ava/AVA__722499.jpg,538,700,0,0,700,538
79.98949576,patches/AVA__658337.jpg,288,209,81,378,290,666,75.6981285,216,156,265,131,421,347,74.04276309,144,104,310,375,414,519,80.0883912,voc_emotic_ava/AVA__658337.jpg,720,523,0,0,523,720
71.9525397,patches/AVA__703975.jpg,288,209,288,107,497,395,82.19438823,216,156,234,492,390,708,72.8237052,144,104,49,414,153,558,73.53822826,voc_emotic_ava/AVA__703975.jpg,720,523,0,0,523,720
76.69086836,patches/EMOTIC__0p2ewbls77a32jve7h.jpg,388,155,215,513,370,901,82.33426763,291,116,106,7,222,298,50.7005501,194,77,7,509,84,703,79.04279359,voc_emotic_ava/EMOTIC__0p2ewbls77a32jve7h.jpg,970,388,0,0,388,970
60.18238224,patches/AVA__684736.jpg,288,208,189,289,397,577,63.18297462,216,156,271,15,427,231,66.64582808,144,104,189,166,293,310,57.46942576,voc_emotic_ava/AVA__684736.jpg,720,522,0,0,522,720
77.33934648,patches/AVA__693310.jpg,288,208,29,237,237,525,78.52869915,216,156,237,212,393,428,75.80584497,144,104,186,534,290,678,71.09666886,voc_emotic_ava/AVA__693310.jpg,720,522,0,0,522,720
71.34000437,patches/AVA__754859.jpg,288,208,123,115,331,403,75.50831242,216,156,20,484,176,700,48.41773994,144,104,375,159,479,303,71.42625834,voc_emotic_ava/AVA__754859.jpg,720,522,0,0,522,720
75.75808533,patches/AVA__767546.jpg,288,208,17,354,225,642,76.13687654,216,156,241,460,397,676,66.77771789,144,104,311,134,415,278,75.14587464,voc_emotic_ava/AVA__767546.jpg,720,522,0,0,522,720
82.77133144,patches/AVA__909220.jpg,320,187,249,123,436,443,94.10879417,240,140,151,328,291,568,74.3538153,160,93,14,75,107,235,75.81938861,voc_emotic_ava/AVA__909220.jpg,800,469,0,0,469,800
52.179278,patches/AVA__900969.jpg,320,187,106,420,293,740,47.97373132,240,140,284,43,424,283,42.12192988,160,93,34,30,127,190,38.80542294,voc_emotic_ava/AVA__900969.jpg,800,469,0,0,469,800
79.1136963,patches/EMOTIC__1d7djosyg36sxpsjzw.jpg,300,200,167,374,367,674,77.70481428,225,150,166,194,316,419,83.9017292,150,100,29,359,129,509,76.01594389,voc_emotic_ava/EMOTIC__1d7djosyg36sxpsjzw.jpg,750,500,0,0,500,750
70.0824343,patches/AVA__944291.jpg,300,200,275,424,475,724,71.3024471,225,150,109,441,259,666,60.04400435,150,100,125,206,225,356,65.04551386,voc_emotic_ava/AVA__944291.jpg,750,500,0,0,500,750
70.08955056,patches/AVA__903049.jpg,300,200,154,5,354,305,69.98920871,225,150,303,446,453,671,75.40482388,150,100,331,114,431,264,74.04654562,voc_emotic_ava/AVA__903049.jpg,750,500,0,0,500,750
86.71453299,patches/AVA__926557.jpg,300,200,277,223,477,523,73.30661916,225,150,171,129,321,354,77.20977664,150,100,341,89,441,239,80.44061188,voc_emotic_ava/AVA__926557.jpg,750,500,0,0,500,750
66.49871518,patches/AVA__761441.jpg,288,208,64,259,272,547,69.07506471,216,156,90,67,246,283,67.61281211,144,104,182,507,286,651,82.09535314,voc_emotic_ava/AVA__761441.jpg,720,520,0,0,520,720
78.76034955,patches/AVA__854800.jpg,320,187,71,17,258,337,77.05293299,240,140,231,305,371,545,67.71866825,160,93,23,323,116,483,78.6947353,voc_emotic_ava/AVA__854800.jpg,800,468,0,0,468,800
63.28910439,patches/AVA__936563.jpg,312,192,66,69,258,381,76.98048301,234,144,117,350,261,584,66.79127511,156,96,263,356,359,512,70.52262682,voc_emotic_ava/AVA__936563.jpg,780,480,0,0,480,780
79.84771149,patches/AVA__693576.jpg,288,208,155,58,363,346,68.06672972,216,156,347,83,503,299,76.42360224,144,104,176,487,280,631,71.14525464,voc_emotic_ava/AVA__693576.jpg,720,520,0,0,520,720
85.89667953,patches/AVA__771906.jpg,288,208,196,345,404,633,78.31135555,216,156,182,43,338,259,70.70816244,144,104,29,421,133,565,79.91054625,voc_emotic_ava/AVA__771906.jpg,720,520,0,0,520,720
93.04655547,patches/EMOTIC__dhwrquyvad1bnnwyr4.jpg,300,199,256,106,455,406,80.47766954,225,149,82,306,231,531,64.82655815,150,99,317,409,416,559,78.40118169,voc_emotic_ava/EMOTIC__dhwrquyvad1bnnwyr4.jpg,750,499,0,0,499,750
80.76693414,patches/AVA__956941.jpg,300,199,54,254,253,554,78.98127457,225,149,32,511,181,736,79.24255994,150,99,239,268,338,418,75.55050301,voc_emotic_ava/AVA__956941.jpg,750,499,0,0,499,750
79.51562568,patches/AVA__755545.jpg,288,207,83,241,290,529,68.35036861,216,155,342,367,497,583,67.18381726,144,103,353,164,456,308,64.37860881,voc_emotic_ava/AVA__755545.jpg,720,519,0,0,519,720
84.53574871,patches/AVA__763668.jpg,288,207,254,46,461,334,78.5852059,216,155,164,398,319,614,65.15712917,144,103,164,69,267,213,77.28283821,voc_emotic_ava/AVA__763668.jpg,720,518,0,0,518,720
81.89750008,patches/AVA__713507.jpg,288,207,280,59,487,347,77.03079618,216,155,38,29,193,245,81.63540074,144,103,138,366,241,510,73.56362877,voc_emotic_ava/AVA__713507.jpg,720,518,0,0,518,720
67.62267711,patches/AVA__315750.jpg,288,207,139,431,346,719,76.00886062,216,155,333,392,488,608,68.3491193,144,103,102,199,205,343,70.01589977,voc_emotic_ava/AVA__315750.jpg,720,518,0,0,518,720
50.29856951,patches/AVA__884459.jpg,320,186,58,54,244,374,69.63105584,240,139,108,447,247,687,67.17580164,160,93,258,288,351,448,74.30646437,voc_emotic_ava/AVA__884459.jpg,800,466,0,0,466,800
72.39668143,patches/AVA__942919.jpg,320,186,114,187,300,507,34.44894473,240,139,292,499,431,739,43.07360112,160,93,32,522,125,682,52.11293654,voc_emotic_ava/AVA__942919.jpg,800,466,0,0,466,800
73.32618624,patches/AVA__893230.jpg,298,200,151,17,351,315,67.11538877,223,150,23,67,173,290,72.78521087,149,100,359,416,459,565,65.24472647,voc_emotic_ava/AVA__893230.jpg,745,500,0,0,500,745
78.6706788,patches/AVA__702737.jpg,266,224,71,195,295,461,80.47067488,199,168,360,13,528,212,73.00591549,133,112,372,313,484,446,87.88865588,voc_emotic_ava/AVA__702737.jpg,665,560,0,0,560,665
67.94856224,patches/AVA__771190.jpg,288,206,308,366,514,654,91.22818652,216,155,106,165,261,381,60.44268027,144,103,106,559,209,703,72.77132474,voc_emotic_ava/AVA__771190.jpg,720,517,0,0,517,720
74.9216167,patches/AVA__731584.jpg,288,206,28,92,234,380,74.0304346,216,155,283,136,438,352,70.92496185,144,103,236,525,339,669,71.03339347,voc_emotic_ava/AVA__731584.jpg,720,517,0,0,517,720
71.58009052,patches/AVA__632606.jpg,288,206,1,222,207,510,62.76026784,216,155,166,399,321,615,64.65647682,144,103,266,247,369,391,67.79042359,voc_emotic_ava/AVA__632606.jpg,720,517,0,0,517,720
61.42543802,patches/AVA__741499.jpg,281,211,291,71,502,352,71.53795829,211,158,337,400,495,611,71.33128474,140,105,24,499,129,639,64.99148096,voc_emotic_ava/AVA__741499.jpg,704,528,0,0,528,704
61.10499286,patches/AVA__900612.jpg,281,211,74,124,285,405,75.4997944,211,158,252,331,410,542,51.12084247,140,105,392,35,497,175,60.8193987,voc_emotic_ava/AVA__900612.jpg,704,528,0,0,528,704
74.70169642,patches/AVA__851316.jpg,281,211,269,96,480,377,66.08447471,211,158,126,316,284,527,67.55423387,140,105,158,32,263,172,64.02731667,voc_emotic_ava/AVA__851316.jpg,704,528,0,0,528,704
80.77949381,patches/AVA__753188.jpg,274,216,284,404,500,678,71.17222957,206,162,235,123,397,329,68.62070653,137,108,176,301,284,438,72.93584909,voc_emotic_ava/AVA__753188.jpg,687,541,0,0,541,687
80.19984389,patches/AVA__805718.jpg,288,206,150,249,356,537,68.51967939,216,154,16,346,170,562,80.61571276,144,103,280,51,383,195,80.17982992,voc_emotic_ava/AVA__805718.jpg,720,516,0,0,516,720
80.06412378,patches/AVA__891830.jpg,320,185,264,131,449,451,65.45753681,240,139,264,423,403,663,72.2195539,160,92,146,218,238,378,78.88886488,voc_emotic_ava/AVA__891830.jpg,800,464,0,0,464,800
75.6787993,patches/AVA__820785.jpg,288,206,231,104,437,392,75.06338221,216,154,47,362,201,578,66.65000797,144,103,404,319,507,463,74.72848457,voc_emotic_ava/AVA__820785.jpg,720,515,0,0,515,720
83.7190997,patches/AVA__700157.jpg,274,215,192,272,407,546,82.64604289,206,161,40,350,201,556,79.5031005,137,107,428,214,535,351,78.92658648,voc_emotic_ava/AVA__700157.jpg,687,539,0,0,539,687
75.53570078,patches/AVA__638980.jpg,288,205,135,154,340,442,63.61412615,216,154,8,88,162,304,60.28292054,144,102,100,519,202,663,62.26665997,voc_emotic_ava/AVA__638980.jpg,720,514,0,0,514,720
84.53647633,patches/AVA__674224.jpg,288,205,300,372,505,660,74.5378141,216,154,54,389,208,605,85.41571001,144,102,172,286,274,430,74.71488329,voc_emotic_ava/AVA__674224.jpg,720,514,0,0,514,720
74.00613629,patches/AVA__749147.jpg,288,205,138,377,343,665,59.80276622,216,154,64,42,218,258,64.05806214,144,102,296,144,398,288,68.61491744,voc_emotic_ava/AVA__749147.jpg,720,514,0,0,514,720
75.32217451,patches/AVA__442225.jpg,288,205,164,380,369,668,81.0372428,216,154,133,160,287,376,72.59922211,144,102,45,259,147,403,82.90113478,voc_emotic_ava/AVA__442225.jpg,720,514,0,0,514,720
76.82353589,patches/AVA__335965.jpg,288,205,179,103,384,391,74.47163327,216,154,6,159,160,375,70.32119958,144,102,137,454,239,598,72.76087402,voc_emotic_ava/AVA__335965.jpg,720,514,0,0,514,720
79.85347036,patches/AVA__794256.jpg,288,205,29,299,234,587,76.61095945,216,154,28,90,182,306,66.53604182,144,102,295,291,397,435,73.84012929,voc_emotic_ava/AVA__794256.jpg,720,514,0,0,514,720
81.3960902,patches/AVA__685248.jpg,288,205,63,27,268,315,71.44177054,216,154,286,380,440,596,66.18603442,144,102,115,454,217,598,75.15253946,voc_emotic_ava/AVA__685248.jpg,720,514,0,0,514,720
72.37530542,patches/AVA__384952.jpg,288,205,3,426,208,714,78.62707196,216,154,123,295,277,511,58.39687663,144,102,5,184,107,328,75.10299877,voc_emotic_ava/AVA__384952.jpg,720,514,0,0,514,720
81.12176353,patches/AVA__691454.jpg,288,205,176,342,381,630,64.71975689,216,154,24,460,178,676,57.22002824,144,102,62,109,164,253,76.41664957,voc_emotic_ava/AVA__691454.jpg,720,514,0,0,514,720
82.95143433,patches/AVA__801474.jpg,288,205,56,328,261,616,82.6969122,216,154,27,165,181,381,77.17772031,144,102,290,135,392,279,80.40632951,voc_emotic_ava/AVA__801474.jpg,720,514,0,0,514,720
79.01968089,patches/AVA__686857.jpg,280,210,22,276,232,556,75.02559039,210,158,303,293,461,503,74.05771516,140,105,167,123,272,263,73.49794342,voc_emotic_ava/AVA__686857.jpg,702,527,0,0,527,702
79.63938262,patches/AVA__931932.jpg,320,184,258,389,442,709,79.76701357,240,138,201,125,339,365,65.47830015,160,92,84,474,176,634,70.96704667,voc_emotic_ava/AVA__931932.jpg,800,462,0,0,462,800
80.26971754,patches/AVA__919138.jpg,320,184,217,210,401,530,82.29673154,240,138,34,321,172,561,75.40657967,160,92,280,632,372,792,75.87839695,voc_emotic_ava/AVA__919138.jpg,800,462,0,0,462,800
63.39389222,patches/AVA__904156.jpg,211,280,417,226,697,437,51.55824662,158,210,476,69,686,227,69.88307175,105,140,59,336,199,441,55.81644711,voc_emotic_ava/AVA__904156.jpg,528,700,0,0,700,528
72.36840273,patches/AVA__578926.jpg,288,205,246,429,451,717,73.53621821,216,153,276,254,429,470,74.93417608,144,102,405,334,507,478,71.37991185,voc_emotic_ava/AVA__578926.jpg,720,513,0,0,513,720
89.10202377,patches/AVA__761448.jpg,288,205,139,11,344,299,81.34707557,216,153,181,350,334,566,60.86788008,144,102,87,442,189,586,73.3433111,voc_emotic_ava/AVA__761448.jpg,720,513,0,0,513,720
83.29304894,patches/AVA__388825.jpg,214,276,104,118,380,332,76.34933298,160,207,420,316,627,476,75.88645882,107,138,312,423,450,530,77.58846489,voc_emotic_ava/AVA__388825.jpg,535,690,0,0,690,535
76.595264,patches/AVA__382685.jpg,288,204,164,355,368,643,75.6953058,216,153,195,159,348,375,67.63415099,144,102,378,387,480,531,80.46676142,voc_emotic_ava/AVA__382685.jpg,720,512,0,0,512,720
72.45869759,patches/AVA__499208.jpg,280,210,240,92,450,372,59.90717414,210,157,327,353,484,563,69.72702672,140,105,5,48,110,188,74.02479927,voc_emotic_ava/AVA__499208.jpg,700,526,0,0,526,700
43.38735968,patches/AVA__775431.jpg,288,204,150,41,354,329,54.60823925,216,153,327,96,480,312,62.30025783,144,102,168,375,270,519,45.49846766,voc_emotic_ava/AVA__775431.jpg,720,511,0,0,511,720
78.18166661,patches/AVA__757850.jpg,288,204,274,130,478,418,77.36508366,216,153,217,469,370,685,67.03333935,144,102,138,524,240,668,77.1313514,voc_emotic_ava/AVA__757850.jpg,720,511,0,0,511,720
78.63494857,patches/EMOTIC__4elmvzzzzkrodjgpw4.jpg,210,280,58,102,338,312,75.355568,157,210,104,312,314,469,74.81675646,105,140,485,254,625,359,70.29595832,voc_emotic_ava/EMOTIC__4elmvzzzzkrodjgpw4.jpg,525,700,0,0,700,525
77.4078895,patches/AVA__786569.jpg,280,210,250,334,460,614,78.32522122,210,157,162,38,319,248,49.76203739,140,105,1,548,106,688,78.71104668,voc_emotic_ava/AVA__786569.jpg,700,525,0,0,525,700
75.62705376,patches/AVA__636142.jpg,210,280,17,194,297,404,54.85770751,157,210,489,177,699,334,71.03834569,105,140,211,70,351,175,68.30012781,voc_emotic_ava/AVA__636142.jpg,525,700,0,0,700,525
66.43425475,patches/AVA__743645.jpg,280,210,56,359,266,639,66.69493931,210,157,274,162,431,372,62.00834694,140,105,133,167,238,307,73.63974418,voc_emotic_ava/AVA__743645.jpg,700,525,0,0,525,700
75.66122961,patches/AVA__658266.jpg,288,204,122,154,326,442,86.76236044,216,153,145,487,298,703,52.89445725,144,102,23,287,125,431,71.65916635,voc_emotic_ava/AVA__658266.jpg,720,510,0,0,510,720
78.46965413,patches/AVA__929293.jpg,320,183,173,265,356,585,70.57461051,240,137,303,115,440,355,64.29581494,160,91,54,203,145,363,69.51480023,voc_emotic_ava/AVA__929293.jpg,800,459,0,0,459,800
74.92681343,patches/AVA__828801.jpg,288,203,218,378,421,666,72.13214367,216,152,352,137,504,353,68.69490158,144,101,403,521,504,665,74.56021338,voc_emotic_ava/AVA__828801.jpg,720,509,0,0,509,720
74.86197021,patches/AVA__772637.jpg,288,203,18,114,221,402,68.26634193,216,152,307,135,459,351,61.63440843,144,101,293,529,394,673,61.90673522,voc_emotic_ava/AVA__772637.jpg,720,509,0,0,509,720
70.78665828,patches/AVA__797510.jpg,288,203,250,378,453,666,38.53095441,216,152,340,79,492,295,74.09475397,144,101,125,146,226,290,70.51620577,voc_emotic_ava/AVA__797510.jpg,720,509,0,0,509,720
75.92159603,patches/AVA__742959.jpg,288,203,99,69,302,357,72.50593344,216,152,336,303,488,519,70.44510891,144,101,377,526,478,670,75.92243086,voc_emotic_ava/AVA__742959.jpg,720,509,0,0,509,720
68.8630416,patches/AVA__658700.jpg,288,203,276,287,479,575,67.41964536,216,152,74,253,226,469,64.36978768,144,101,17,37,118,181,69.17466538,voc_emotic_ava/AVA__658700.jpg,720,509,0,0,509,720
77.66304016,patches/AVA__381862.jpg,288,203,153,331,356,619,75.93641269,216,152,59,180,211,396,74.44432695,144,101,407,337,508,481,76.61220886,voc_emotic_ava/AVA__381862.jpg,720,509,0,0,509,720
70.78676432,patches/AVA__828102.jpg,288,203,229,411,432,699,73.1913152,216,152,122,242,274,458,67.87353711,144,101,104,38,205,182,67.74523187,voc_emotic_ava/AVA__828102.jpg,720,509,0,0,509,720
65.0524622,patches/AVA__749115.jpg,280,209,177,298,386,578,68.23098075,210,156,351,444,507,654,57.55870793,140,104,138,41,242,181,51.90436891,voc_emotic_ava/AVA__749115.jpg,700,523,0,0,523,700
69.82476523,patches/AVA__770535.jpg,272,215,45,324,260,596,74.87728545,204,161,222,150,383,354,53.80118579,136,107,247,525,354,661,71.7460921,voc_emotic_ava/AVA__770535.jpg,680,538,0,0,538,680
74.06828681,patches/AVA__777457.jpg,288,203,302,286,505,574,72.36913763,216,152,21,73,173,289,71.84969741,144,101,213,403,314,547,68.69597064,voc_emotic_ava/AVA__777457.jpg,720,508,0,0,508,720
54.95246349,patches/AVA__862536.jpg,320,182,61,26,243,346,72.73561908,240,137,234,348,371,588,50.17105894,160,91,20,390,111,550,72.79726344,voc_emotic_ava/AVA__862536.jpg,800,457,0,0,457,800
76.66556815,patches/AVA__695516.jpg,288,202,176,36,378,324,82.64578594,216,152,334,308,486,524,75.02015512,144,101,77,263,178,407,75.12544164,voc_emotic_ava/AVA__695516.jpg,720,507,0,0,507,720
81.05697276,patches/AVA__711477.jpg,288,202,271,21,473,309,77.6388214,216,152,114,257,266,473,79.12662702,144,101,8,135,109,279,78.77909308,voc_emotic_ava/AVA__711477.jpg,720,507,0,0,507,720
68.39003509,patches/AVA__788490.jpg,288,202,125,386,327,674,72.46639936,216,152,37,288,189,504,44.25182692,144,101,101,31,202,175,60.30130766,voc_emotic_ava/AVA__788490.jpg,720,507,0,0,507,720
73.89222158,patches/AVA__803332.jpg,288,202,139,232,341,520,75.39589262,216,152,325,211,477,427,69.84154141,144,101,70,457,171,601,61.8944093,voc_emotic_ava/AVA__803332.jpg,720,507,0,0,507,720
79.11221574,patches/AVA__913000.jpg,320,182,5,42,187,362,57.89565037,240,136,261,553,397,793,62.28445545,160,91,123,623,214,783,77.89006822,voc_emotic_ava/AVA__913000.jpg,800,456,0,0,456,800
77.43045166,patches/AVA__948963.jpg,274,212,206,136,418,410,73.97268585,206,159,62,375,221,581,71.17355802,137,106,410,443,516,580,75.41783892,voc_emotic_ava/AVA__948963.jpg,687,531,0,0,531,687
89.33084194,patches/AVA__814616.jpg,288,202,12,394,214,682,79.243823,216,151,121,61,272,277,76.75229108,144,101,315,102,416,246,75.44027523,voc_emotic_ava/AVA__814616.jpg,720,506,0,0,506,720
75.13856471,patches/AVA__831876.jpg,288,202,258,423,460,711,78.85385988,216,151,33,489,184,705,74.85871243,144,101,206,335,307,479,77.62006002,voc_emotic_ava/AVA__831876.jpg,720,506,0,0,506,720
72.26813698,patches/AVA__691813.jpg,288,202,172,68,374,356,74.41263236,216,151,345,77,496,293,57.77417211,144,101,44,459,145,603,76.07505821,voc_emotic_ava/AVA__691813.jpg,720,506,0,0,506,720
67.79416487,patches/AVA__761605.jpg,288,202,255,72,457,360,67.07824269,216,151,79,74,230,290,69.76718578,144,101,100,398,201,542,57.46897783,voc_emotic_ava/AVA__761605.jpg,720,505,0,0,505,720
85.0723306,patches/AVA__810292.jpg,288,202,274,31,476,319,72.84101593,216,151,269,466,420,682,77.06978189,144,101,55,510,156,654,73.73361569,voc_emotic_ava/AVA__810292.jpg,720,505,0,0,505,720
81.82594467,patches/AVA__894310.jpg,320,181,202,397,383,717,82.02080809,240,136,287,116,423,356,76.6083535,160,90,30,45,120,205,70.41720323,voc_emotic_ava/AVA__894310.jpg,800,454,0,0,454,800
74.56728889,patches/AVA__874894.jpg,295,196,162,410,358,705,75.0896182,221,147,46,436,193,657,80.43036339,147,98,190,135,288,282,75.31614482,voc_emotic_ava/AVA__874894.jpg,738,492,0,0,492,738
71.85789577,patches/AVA__732646.jpg,288,201,159,8,360,296,74.42171812,216,151,328,257,479,473,71.6644662,144,100,198,266,298,410,69.50959554,voc_emotic_ava/AVA__732646.jpg,720,504,0,0,504,720
59.9340717,patches/AVA__744974.jpg,288,201,238,207,439,495,67.60264487,216,150,34,139,184,355,68.18656181,144,100,114,348,214,492,71.44065973,voc_emotic_ava/AVA__744974.jpg,720,503,0,0,503,720
84.41151266,patches/AVA__794332.jpg,288,200,209,266,409,554,76.15044003,216,150,71,259,221,475,78.26168446,144,100,101,559,201,703,82.87298285,voc_emotic_ava/AVA__794332.jpg,720,502,0,0,502,720
70.15769643,patches/AVA__832411.jpg,288,200,236,145,436,433,77.26023449,216,150,120,422,270,638,70.10858754,144,100,400,61,500,205,72.22998157,voc_emotic_ava/AVA__832411.jpg,720,502,0,0,502,720
51.34298883,patches/AVA__742596.jpg,288,200,48,331,248,619,71.40270962,216,150,315,384,465,600,58.43198509,144,100,171,22,271,166,60.71088102,voc_emotic_ava/AVA__742596.jpg,720,502,0,0,502,720
65.79822447,patches/AVA__850063.jpg,320,180,213,237,393,557,64.93588332,240,135,68,387,203,627,74.73027302,160,90,110,639,200,799,68.10943948,voc_emotic_ava/AVA__850063.jpg,800,451,0,0,451,800
78.38239392,patches/AVA__782628.jpg,288,200,228,32,428,320,81.45190644,216,150,142,462,292,678,70.72529207,144,100,175,294,275,438,79.73364489,voc_emotic_ava/AVA__782628.jpg,720,501,0,0,501,720
64.05928594,patches/AVA__439424.jpg,288,200,13,131,213,419,59.48379242,216,150,325,116,475,332,67.80016245,144,100,87,411,187,555,68.81772713,voc_emotic_ava/AVA__439424.jpg,720,501,0,0,501,720
71.27972518,patches/AVA__822441.jpg,288,200,245,262,445,550,63.97679077,216,150,118,188,268,404,71.49730318,144,100,143,447,243,591,59.94276119,voc_emotic_ava/AVA__822441.jpg,720,501,0,0,501,720
66.81786889,patches/AVA__812519.jpg,288,200,46,53,246,341,67.52373924,216,150,212,329,362,545,69.58115879,144,100,324,55,424,199,72.26155785,voc_emotic_ava/AVA__812519.jpg,720,500,0,0,500,720
65.38053778,patches/AVA__944072.jpg,320,180,223,203,403,523,69.89699823,240,135,225,1,360,241,72.35499259,160,90,101,594,191,754,50.38913795,voc_emotic_ava/AVA__944072.jpg,800,450,0,0,450,800
59.30765945,patches/AVA__843201.jpg,320,180,54,292,234,612,49.82353619,240,135,287,430,422,670,58.10153499,160,90,34,82,124,242,46.99536462,voc_emotic_ava/AVA__843201.jpg,800,450,0,0,450,800
73.48904979,patches/AVA__676113.jpg,288,200,166,373,366,661,76.98585791,216,150,317,186,467,402,79.22459429,144,100,160,117,260,261,72.40791639,voc_emotic_ava/AVA__676113.jpg,720,500,0,0,500,720
76.89795347,patches/AVA__821005.jpg,288,200,296,149,496,437,71.59167372,216,150,37,49,187,265,78.54440179,144,100,393,568,493,712,75.08742846,voc_emotic_ava/AVA__821005.jpg,720,500,0,0,500,720
88.10726027,patches/AVA__502960.jpg,288,200,21,11,221,299,82.17820125,216,150,336,77,486,293,65.89440191,144,100,328,452,428,596,73.87830792,voc_emotic_ava/AVA__502960.jpg,720,500,0,0,500,720
77.5645658,patches/AVA__902980.jpg,320,180,103,285,283,605,76.40295341,240,135,296,418,431,658,75.70755445,160,90,103,114,193,274,76.46498794,voc_emotic_ava/AVA__902980.jpg,800,450,0,0,450,800
83.16927756,patches/AVA__751550.jpg,288,200,165,179,365,467,74.42442666,216,150,331,191,481,407,61.67539617,144,100,23,460,123,604,71.40510063,voc_emotic_ava/AVA__751550.jpg,720,500,0,0,500,720
75.5996469,patches/EMOTIC__gxdbkax6jk36e5fqf5.jpg,320,180,211,167,391,487,62.8175048,240,135,139,20,274,260,66.61753268,160,90,141,424,231,584,75.55740279,voc_emotic_ava/EMOTIC__gxdbkax6jk36e5fqf5.jpg,800,450,0,0,450,800
63.33325785,patches/AVA__878670.jpg,320,180,112,280,292,600,76.28980449,240,135,32,78,167,318,56.05029851,160,90,354,116,444,276,63.44018211,voc_emotic_ava/AVA__878670.jpg,800,450,0,0,450,800
83.82097104,patches/AVA__797589.jpg,288,200,285,40,485,328,58.37409575,216,150,171,147,321,363,61.04701268,144,100,12,57,112,201,65.10078402,voc_emotic_ava/AVA__797589.jpg,720,500,0,0,500,720
75.60774772,patches/AVA__931094.jpg,320,180,55,212,235,532,65.5138572,240,135,260,227,395,467,62.66078068,160,90,208,591,298,751,69.8167005,voc_emotic_ava/AVA__931094.jpg,800,450,0,0,450,800
78.06632176,patches/AVA__853264.jpg,320,180,73,448,253,768,75.25774344,240,135,146,276,281,516,69.69954344,160,90,243,587,333,747,62.7260257,voc_emotic_ava/AVA__853264.jpg,800,450,0,0,450,800
75.91702548,patches/EMOTIC__6n1dwjcat0jd3oisyy.jpg,320,180,212,69,392,389,73.52833578,240,135,232,498,367,738,78.79162654,160,90,350,602,440,762,77.779088,voc_emotic_ava/EMOTIC__6n1dwjcat0jd3oisyy.jpg,800,450,0,0,450,800
74.49464326,patches/AVA__802527.jpg,288,200,12,238,212,526,75.80354484,216,150,207,131,357,347,72.68951366,144,100,397,459,497,603,68.12780097,voc_emotic_ava/AVA__802527.jpg,720,500,0,0,500,720
72.2965313,patches/EMOTIC__amfdaxqw7e1mhcvkhf.jpg,319,180,189,189,369,508,73.11213249,239,135,65,316,200,555,56.75895626,159,90,345,389,435,548,67.75890533,voc_emotic_ava/EMOTIC__amfdaxqw7e1mhcvkhf.jpg,799,450,0,0,450,799
75.49903716,patches/AVA__384442.jpg,288,199,277,347,476,635,79.08214419,216,149,53,320,202,536,69.2918444,144,99,194,242,293,386,74.97594896,voc_emotic_ava/AVA__384442.jpg,720,499,0,0,499,720
74.74538729,patches/AVA__702704.jpg,288,199,190,136,389,424,68.51312337,216,149,99,465,248,681,66.74913589,144,99,243,452,342,596,71.60552353,voc_emotic_ava/AVA__702704.jpg,720,499,0,0,499,720
75.04062839,patches/AVA__658414.jpg,288,199,102,311,301,599,76.76964711,216,149,144,140,293,356,66.88370306,144,99,392,339,491,483,74.8730609,voc_emotic_ava/AVA__658414.jpg,720,498,0,0,498,720
72.00614144,patches/AVA__906379.jpg,300,191,257,313,448,613,64.87932065,225,143,100,290,243,515,54.73317429,150,95,264,116,359,266,74.51052895,voc_emotic_ava/AVA__906379.jpg,750,478,0,0,478,750
88.3443959,patches/AVA__955352.jpg,320,179,175,292,354,612,75.64457386,240,134,299,50,433,290,65.50373036,160,89,78,152,167,312,75.10741533,voc_emotic_ava/AVA__955352.jpg,800,448,0,0,448,800
60.731102,patches/AVA__944987.jpg,320,179,132,64,311,384,64.05606518,240,134,292,58,426,298,53.53155112,160,89,106,561,195,721,39.1849589,voc_emotic_ava/AVA__944987.jpg,800,448,0,0,448,800
63.27731668,patches/AVA__856923.jpg,319,179,4,65,183,384,72.7931707,239,134,210,156,344,395,74.64145559,159,89,133,323,222,482,67.47938645,voc_emotic_ava/AVA__856923.jpg,799,448,0,0,448,799
75.10341291,patches/AVA__668446.jpg,214,267,315,154,582,368,76.03956225,160,200,307,350,507,510,62.19293449,107,133,95,147,228,254,77.43488194,voc_emotic_ava/AVA__668446.jpg,535,669,0,0,669,535
66.05601975,patches/AVA__788216.jpg,288,198,37,328,235,616,74.06240134,216,149,114,103,263,319,57.04617056,144,99,36,16,135,160,72.61144698,voc_emotic_ava/AVA__788216.jpg,720,497,0,0,497,720
67.73117368,patches/AVA__791953.jpg,288,198,294,393,492,681,78.33006332,216,149,16,321,165,537,71.06866716,144,99,380,77,479,221,67.23866017,voc_emotic_ava/AVA__791953.jpg,720,497,0,0,497,720
73.70671456,patches/AVA__867864.jpg,300,190,280,402,470,702,77.66015119,225,143,230,132,373,357,80.81398038,150,95,121,583,216,733,79.92753134,voc_emotic_ava/AVA__867864.jpg,750,477,0,0,477,750
70.39097088,patches/AVA__671223.jpg,280,204,303,25,507,305,74.68813285,210,153,278,376,431,586,50.61693547,140,102,186,276,288,416,73.96656143,voc_emotic_ava/AVA__671223.jpg,700,511,0,0,511,700
77.48375101,patches/EMOTIC__sun_axflwthduzluhfgs.jpg,286,200,126,324,326,610,76.38338108,214,150,68,8,218,222,75.06608593,143,100,398,147,498,290,75.54793818,voc_emotic_ava/EMOTIC__sun_axflwthduzluhfgs.jpg,715,500,0,0,500,715
81.68578568,patches/AVA__784462.jpg,288,198,126,94,324,382,80.8366038,216,148,323,19,471,235,44.32857249,144,99,41,283,140,427,75.21669587,voc_emotic_ava/AVA__784462.jpg,720,496,0,0,496,720
86.2582966,patches/AVA__806905.jpg,288,198,63,283,261,571,83.63738651,216,148,80,22,228,238,77.46245122,144,99,248,144,347,288,80.1892703,voc_emotic_ava/AVA__806905.jpg,720,496,0,0,496,720
80.5620595,patches/AVA__767534.jpg,288,198,283,160,481,448,78.645346,216,148,42,493,190,709,72.03073144,144,99,123,224,222,368,74.2383062,voc_emotic_ava/AVA__767534.jpg,720,496,0,0,496,720
79.19398515,patches/AVA__763906.jpg,288,198,233,230,431,518,73.03956735,216,148,212,62,360,278,65.22917344,144,99,361,88,460,232,75.42728145,voc_emotic_ava/AVA__763906.jpg,720,496,0,0,496,720
81.58705933,patches/AVA__816154.jpg,288,198,240,335,438,623,81.39733043,216,148,229,36,377,252,77.43374753,144,99,79,416,178,560,78.35982805,voc_emotic_ava/AVA__816154.jpg,720,496,0,0,496,720
72.48575683,patches/AVA__740211.jpg,288,198,266,389,464,677,52.46414211,216,148,56,316,204,532,60.5586647,144,99,104,87,203,231,72.29441002,voc_emotic_ava/AVA__740211.jpg,720,496,0,0,496,720
80.49011533,patches/AVA__867430.jpg,320,178,11,358,189,678,76.06310526,240,133,239,101,372,341,75.33176111,160,89,189,531,278,691,82.28942481,voc_emotic_ava/AVA__867430.jpg,800,446,0,0,446,800
70.77202553,patches/AVA__912475.jpg,320,178,199,201,377,521,76.68290469,240,133,130,73,263,313,73.44601942,160,89,44,587,133,747,69.79482244,voc_emotic_ava/AVA__912475.jpg,800,446,0,0,446,800
78.25746416,patches/AVA__944288.jpg,320,178,112,332,290,652,70.72171564,240,133,254,296,387,536,67.02076855,160,89,239,154,328,314,66.81688923,voc_emotic_ava/AVA__944288.jpg,800,446,0,0,446,800
84.03676524,patches/AVA__830633.jpg,282,202,267,336,469,618,71.16655958,211,151,3,270,154,481,78.94311616,141,101,48,470,149,611,79.0631555,voc_emotic_ava/AVA__830633.jpg,706,505,0,0,505,706
48.96450916,patches/AVA__775358.jpg,288,198,256,357,454,645,76.7458847,216,148,39,52,187,268,57.05710621,144,99,38,495,137,639,71.81430567,voc_emotic_ava/AVA__775358.jpg,720,495,0,0,495,720
69.27650638,patches/AVA__704720.jpg,288,198,128,33,326,321,84.50111078,216,148,157,415,305,631,75.33354314,144,99,312,186,411,330,71.20541507,voc_emotic_ava/AVA__704720.jpg,720,495,0,0,495,720
75.66185633,patches/AVA__693531.jpg,288,198,206,20,404,308,44.50276987,216,148,47,463,195,679,52.46844202,144,99,131,170,230,314,70.7553589,voc_emotic_ava/AVA__693531.jpg,720,495,0,0,495,720
86.30982437,patches/AVA__772724.jpg,288,198,274,164,472,452,82.1128567,216,148,99,292,247,508,79.68149796,144,99,64,121,163,265,79.43761526,voc_emotic_ava/AVA__772724.jpg,720,495,0,0,495,720
73.24556661,patches/AVA__733890.jpg,288,198,295,216,493,504,67.07623647,216,148,59,223,207,439,59.95953247,144,99,245,499,344,643,61.37512241,voc_emotic_ava/AVA__733890.jpg,720,495,0,0,495,720
78.51536789,patches/AVA__956798.jpg,320,178,219,103,397,423,79.96421255,240,133,181,398,314,638,69.61756618,160,89,115,553,204,713,68.82156598,voc_emotic_ava/AVA__956798.jpg,800,445,0,0,445,800
72.22815676,patches/AVA__635924.jpg,288,197,233,388,430,676,80.38258045,216,148,142,235,290,451,47.52994172,144,98,378,193,476,337,62.15076902,voc_emotic_ava/AVA__635924.jpg,720,494,0,0,494,720
72.13869201,patches/AVA__761321.jpg,288,197,282,27,479,315,68.70022092,216,148,89,383,237,599,72.61961237,144,98,84,229,182,373,69.34429879,voc_emotic_ava/AVA__761321.jpg,720,494,0,0,494,720
83.30744368,patches/AVA__828330.jpg,288,197,4,219,201,507,69.89320367,216,148,303,82,451,298,82.32162783,144,98,285,444,383,588,72.61880566,voc_emotic_ava/AVA__828330.jpg,720,494,0,0,494,720
73.96006537,patches/AVA__809771.jpg,288,197,262,202,459,490,82.5496596,216,148,131,478,279,694,74.87811581,144,98,327,540,425,684,73.86656029,voc_emotic_ava/AVA__809771.jpg,720,494,0,0,494,720
77.79268904,patches/AVA__932541.jpg,320,177,162,358,339,678,73.46358377,240,133,304,505,437,745,71.06817204,160,88,352,319,440,479,77.91797395,voc_emotic_ava/AVA__932541.jpg,800,444,0,0,444,800
83.83316918,patches/AVA__503369.jpg,288,197,122,391,319,679,80.21802871,216,147,340,178,487,394,82.37566221,144,98,249,243,347,387,73.26094317,voc_emotic_ava/AVA__503369.jpg,720,493,0,0,493,720
79.62893013,patches/AVA__674946.jpg,288,197,20,59,217,347,85.78805927,216,147,133,412,280,628,74.2876265,144,98,313,334,411,478,79.85361954,voc_emotic_ava/AVA__674946.jpg,720,493,0,0,493,720
50.76279507,patches/AVA__704436.jpg,288,197,48,36,245,324,62.91391606,216,147,55,370,202,586,63.22124448,144,98,297,539,395,683,67.66933427,voc_emotic_ava/AVA__704436.jpg,720,493,0,0,493,720
83.12357877,patches/AVA__778342.jpg,288,197,85,104,282,392,78.43070679,216,147,162,360,309,576,78.12502044,144,98,330,287,428,431,78.68488509,voc_emotic_ava/AVA__778342.jpg,720,493,0,0,493,720
77.73366818,patches/AVA__693108.jpg,288,197,176,427,373,715,73.35306085,216,147,247,77,394,293,72.76378003,144,98,167,36,265,180,75.74039679,voc_emotic_ava/AVA__693108.jpg,720,493,0,0,493,720
67.81948809,patches/AVA__942666.jpg,320,177,257,94,434,414,68.08887673,240,132,142,372,274,612,65.68978719,160,88,347,456,435,616,74.65510687,voc_emotic_ava/AVA__942666.jpg,800,443,0,0,443,800
78.91837273,patches/AVA__802861.jpg,288,196,134,42,330,330,73.82731529,216,147,8,335,155,551,66.64917242,144,98,184,416,282,560,72.82997392,voc_emotic_ava/AVA__802861.jpg,720,492,0,0,492,720
55.35737145,patches/AVA__788689.jpg,288,196,130,134,326,422,70.46705221,216,147,141,420,288,636,72.52421042,144,98,305,412,403,556,71.65124951,voc_emotic_ava/AVA__788689.jpg,720,492,0,0,492,720
83.56403131,patches/AVA__952890.jpg,280,202,294,356,496,636,82.91232758,210,151,277,25,428,235,79.92684411,140,101,74,431,175,571,80.99227409,voc_emotic_ava/AVA__952890.jpg,700,506,0,0,506,700
83.5173784,patches/AVA__760631.jpg,288,196,31,275,227,563,81.03411156,216,147,98,57,245,273,67.89374944,144,98,204,454,302,598,67.22532701,voc_emotic_ava/AVA__760631.jpg,720,491,0,0,491,720
76.68743642,patches/AVA__723136.jpg,288,196,248,26,444,314,70.76466286,216,147,47,91,194,307,55.32506753,144,98,166,0,264,144,67.37435036,voc_emotic_ava/AVA__723136.jpg,720,491,0,0,491,720
79.5438465,patches/AVA__742826.jpg,288,196,185,217,381,505,79.84967924,216,147,310,107,457,323,72.72987951,144,98,94,100,192,244,69.61567575,voc_emotic_ava/AVA__742826.jpg,720,491,0,0,491,720
74.56956645,patches/AVA__893973.jpg,291,193,195,108,388,399,66.80068728,218,145,80,117,225,335,66.92503474,145,96,298,575,394,720,68.70477817,voc_emotic_ava/AVA__893973.jpg,729,484,0,0,484,729
76.3836207,patches/AVA__458829.jpg,288,196,202,303,398,591,63.62736808,216,147,153,154,300,370,69.91837359,144,98,47,97,145,241,73.51289814,voc_emotic_ava/AVA__458829.jpg,720,490,0,0,490,720
70.53865029,patches/AVA__663842.jpg,288,196,83,24,279,312,81.82604702,216,147,242,321,389,537,62.3585934,144,98,325,76,423,220,70.11065189,voc_emotic_ava/AVA__663842.jpg,720,490,0,0,490,720
78.74228042,patches/AVA__776469.jpg,288,196,73,332,269,620,70.42300531,216,147,194,159,341,375,67.74900738,144,98,215,8,313,152,75.79979434,voc_emotic_ava/AVA__776469.jpg,720,490,0,0,490,720
69.08178863,patches/AVA__928037.jpg,280,201,22,416,223,696,73.57052696,210,151,316,13,467,223,74.95508651,140,100,387,288,487,428,73.50561967,voc_emotic_ava/AVA__928037.jpg,700,504,0,0,504,700
76.94072058,patches/AVA__779587.jpg,288,196,50,160,246,448,74.45834551,216,147,245,156,392,372,62.33712303,144,98,191,485,289,629,73.55308706,voc_emotic_ava/AVA__779587.jpg,720,490,0,0,490,720
59.6316263,patches/AVA__449001.jpg,288,196,221,399,417,687,61.02587288,216,147,133,251,280,467,57.31879668,144,98,244,94,342,238,71.71995155,voc_emotic_ava/AVA__449001.jpg,720,490,0,0,490,720
60.46663394,patches/AVA__673234.jpg,288,196,255,13,451,301,65.07675064,216,147,22,251,169,467,67.35751599,144,98,88,130,186,274,67.57572136,voc_emotic_ava/AVA__673234.jpg,720,490,0,0,490,720
71.96159528,patches/AVA__655595.jpg,288,196,234,128,430,416,70.93812475,216,147,51,466,198,682,76.59862702,144,98,32,363,130,507,74.07548019,voc_emotic_ava/AVA__655595.jpg,720,490,0,0,490,720
65.9112041,patches/AVA__811007.jpg,288,196,182,183,378,471,51.05759063,216,147,250,494,397,710,60.82456647,144,98,85,80,183,224,66.92013793,voc_emotic_ava/AVA__811007.jpg,720,490,0,0,490,720
82.76788937,patches/AVA__652713.jpg,288,196,64,227,260,515,70.73269143,216,147,231,482,378,698,76.13379787,144,98,252,192,350,336,72.77680116,voc_emotic_ava/AVA__652713.jpg,720,490,0,0,490,720
58.2940544,patches/AVA__827220.jpg,288,196,271,338,467,626,72.63471844,216,147,58,388,205,604,81.5265207,144,98,281,133,379,277,66.86071538,voc_emotic_ava/AVA__827220.jpg,720,490,0,0,490,720
79.60228089,patches/AVA__827240.jpg,288,195,163,358,358,646,76.02670993,216,146,336,366,482,582,65.49622151,144,97,2,565,99,709,74.93971473,voc_emotic_ava/AVA__827240.jpg,720,489,0,0,489,720
76.16222749,patches/AVA__829576.jpg,288,195,3,303,198,591,74.31376058,216,146,231,89,377,305,58.73813325,144,97,175,517,272,661,72.80958829,voc_emotic_ava/AVA__829576.jpg,720,488,0,0,488,720
77.33237017,patches/AVA__402436.jpg,288,195,209,250,404,538,85.56610283,216,146,115,126,261,342,70.71029326,144,97,66,361,163,505,66.38235314,voc_emotic_ava/AVA__402436.jpg,720,488,0,0,488,720
80.17544014,patches/AVA__818402.jpg,288,195,254,255,449,543,77.74101688,216,146,308,28,454,244,71.14359019,144,97,126,574,223,718,79.17135398,voc_emotic_ava/AVA__818402.jpg,720,488,0,0,488,720
68.42175892,patches/AVA__636248.jpg,288,195,206,392,401,680,76.04595214,216,146,186,172,332,388,71.44624489,144,97,259,31,356,175,69.21771575,voc_emotic_ava/AVA__636248.jpg,720,488,0,0,488,720
73.3660678,patches/EMOTIC__0kpbmv4nucmj1ay58x.jpg,273,205,216,1,421,274,76.87263141,205,153,194,426,347,631,72.03620463,136,102,80,510,182,646,82.5269512,voc_emotic_ava/EMOTIC__0kpbmv4nucmj1ay58x.jpg,684,513,0,0,513,684
73.05277716,patches/AVA__564281.jpg,288,194,206,358,400,646,75.75071369,216,146,37,201,183,417,71.50399602,144,97,247,4,344,148,59.64334702,voc_emotic_ava/AVA__564281.jpg,720,487,0,0,487,720
54.37215031,patches/AVA__763997.jpg,288,194,163,100,357,388,59.41355824,216,146,337,293,483,509,59.65093342,144,97,87,399,184,543,62.13955429,voc_emotic_ava/AVA__763997.jpg,720,487,0,0,487,720
72.93944766,patches/AVA__793410.jpg,288,194,209,365,403,653,78.1395465,216,146,301,97,447,313,78.47009248,144,97,155,229,252,373,73.00090863,voc_emotic_ava/AVA__793410.jpg,720,487,0,0,487,720
82.61464787,patches/AVA__679819.jpg,288,194,30,308,224,596,60.05058364,216,146,49,20,195,236,68.88042216,144,97,227,113,324,257,78.12889761,voc_emotic_ava/AVA__679819.jpg,720,487,0,0,487,720
77.1740365,patches/AVA__693056.jpg,288,194,189,371,383,659,81.29486094,216,146,325,193,471,409,73.45932477,144,97,384,384,481,528,73.84973935,voc_emotic_ava/AVA__693056.jpg,720,487,0,0,487,720
85.72479886,patches/AVA__673991.jpg,288,194,110,300,304,588,51.1707875,216,146,20,497,166,713,76.37249323,144,97,280,97,377,241,73.43509681,voc_emotic_ava/AVA__673991.jpg,720,487,0,0,487,720
78.65189954,patches/AVA__757599.jpg,288,194,120,131,314,419,72.52932626,216,146,57,485,203,701,64.77785639,144,97,340,489,437,633,68.19733341,voc_emotic_ava/AVA__757599.jpg,720,487,0,0,487,720
70.77918285,patches/AVA__668403.jpg,285,196,275,173,471,458,84.52979196,214,147,15,168,162,382,82.74885596,142,98,137,119,235,261,69.01723232,voc_emotic_ava/AVA__668403.jpg,714,491,0,0,491,714
83.14458297,patches/EMOTIC__8wuiq7dps28ihimcpm.jpg,290,193,74,180,267,470,57.47043524,217,144,328,427,472,644,61.67136474,145,96,3,523,99,668,78.13503082,voc_emotic_ava/EMOTIC__8wuiq7dps28ihimcpm.jpg,725,483,0,0,483,725
76.53816015,patches/EMOTIC__3olvdtpzxw1imzp7fh.jpg,280,200,12,105,212,385,73.26029066,210,150,298,410,448,620,52.89840094,140,100,324,89,424,229,77.68405419,voc_emotic_ava/EMOTIC__3olvdtpzxw1imzp7fh.jpg,700,500,0,0,500,700
76.55033698,patches/AVA__863085.jpg,200,280,318,252,598,452,75.5590471,150,210,315,0,525,150,75.31669917,100,140,101,74,241,174,68.10376585,voc_emotic_ava/AVA__863085.jpg,500,700,0,0,700,500
72.30158852,patches/AVA__400847.jpg,200,280,119,32,399,232,78.96069772,150,210,367,53,577,203,68.11047443,100,140,553,305,693,405,68.46672486,voc_emotic_ava/AVA__400847.jpg,500,700,0,0,700,500
71.00008758,patches/AVA__634216.jpg,288,194,212,175,406,463,46.32997933,216,145,257,467,402,683,64.13134498,144,97,134,208,231,352,69.35095723,voc_emotic_ava/AVA__634216.jpg,720,486,0,0,486,720
44.78528391,patches/AVA__682734.jpg,288,194,148,113,342,401,49.2408432,216,145,56,300,201,516,66.10180726,144,97,353,291,450,435,70.71901862,voc_emotic_ava/AVA__682734.jpg,720,486,0,0,486,720
84.32008969,patches/AVA__793312.jpg,288,194,58,283,252,571,85.70755775,216,145,251,34,396,250,53.96452741,144,97,295,329,392,473,73.21297605,voc_emotic_ava/AVA__793312.jpg,720,486,0,0,486,720
83.29434473,patches/AVA__579614.jpg,288,194,67,175,261,463,77.87230602,216,145,119,465,264,681,73.29043649,144,97,363,557,460,701,77.437358,voc_emotic_ava/AVA__579614.jpg,720,486,0,0,486,720
74.36690648,patches/AVA__830498.jpg,288,194,280,108,474,396,70.36723996,216,145,123,0,268,216,67.9068308,144,97,68,534,165,678,71.40790796,voc_emotic_ava/AVA__830498.jpg,720,486,0,0,486,720
80.00669626,patches/AVA__872216.jpg,320,174,165,280,339,600,68.47992645,240,131,61,175,192,415,59.67816969,160,87,276,90,363,250,67.68110181,voc_emotic_ava/AVA__872216.jpg,800,437,0,0,437,800
62.07238568,patches/AVA__906746.jpg,320,174,261,241,435,561,65.13655543,240,131,72,290,203,530,76.13056441,160,87,224,117,311,277,69.23277431,voc_emotic_ava/AVA__906746.jpg,800,437,0,0,437,800
71.21354927,patches/AVA__561782.jpg,288,194,274,362,468,650,83.55093618,216,145,129,210,274,426,83.54301432,144,97,246,27,343,171,78.6746004,voc_emotic_ava/AVA__561782.jpg,720,485,0,0,485,720
69.99632634,patches/AVA__388653.jpg,288,194,9,383,203,671,78.84816732,216,145,252,249,397,465,79.87773164,144,97,353,77,450,221,66.71262335,voc_emotic_ava/AVA__388653.jpg,720,485,0,0,485,720
79.06303464,patches/AVA__684340.jpg,288,194,16,148,210,436,72.53057105,216,145,314,43,459,259,55.39793219,144,97,119,488,216,632,78.74780884,voc_emotic_ava/AVA__684340.jpg,720,485,0,0,485,720
71.78240363,patches/AVA__754314.jpg,288,194,37,130,231,418,59.06223992,216,145,244,101,389,317,61.70611483,144,97,67,429,164,573,58.21011941,voc_emotic_ava/AVA__754314.jpg,720,485,0,0,485,720
74.8092078,patches/AVA__645559.jpg,288,194,165,302,359,590,71.16757821,216,145,318,428,463,644,65.75143408,144,97,111,144,208,288,72.63756432,voc_emotic_ava/AVA__645559.jpg,720,485,0,0,485,720
84.38249134,patches/AVA__663614.jpg,288,194,229,51,423,339,62.92071124,216,145,325,470,470,686,67.31344463,144,97,113,323,210,467,72.4724599,voc_emotic_ava/AVA__663614.jpg,720,485,0,0,485,720
21.63663644,patches/AVA__808303.jpg,288,194,91,131,285,419,63.53961259,216,145,231,449,376,665,77.29649525,144,97,36,559,133,703,37.87836631,voc_emotic_ava/AVA__808303.jpg,720,485,0,0,485,720
72.36736618,patches/AVA__823144.jpg,288,194,212,18,406,306,57.31607406,216,145,3,301,148,517,72.41414175,144,97,205,293,302,437,74.39161974,voc_emotic_ava/AVA__823144.jpg,720,485,0,0,485,720
75.79106268,patches/AVA__863617.jpg,320,174,197,356,371,676,73.24839199,240,130,62,144,192,384,67.44764594,160,87,37,500,124,660,72.02642507,voc_emotic_ava/AVA__863617.jpg,800,436,0,0,436,800
80.10938294,patches/AVA__449191.jpg,280,199,221,148,420,428,82.64793718,210,149,67,211,216,421,64.28673885,140,99,347,491,446,631,78.44653946,voc_emotic_ava/AVA__449191.jpg,700,498,0,0,498,700
73.26784203,patches/AVA__824468.jpg,288,193,95,82,288,370,78.06677295,216,145,235,496,380,712,77.50392221,144,96,14,123,110,267,78.86612229,voc_emotic_ava/AVA__824468.jpg,720,484,0,0,484,720
76.98038744,patches/AVA__674842.jpg,288,193,139,117,332,405,54.57770777,216,145,336,469,481,685,71.10093855,144,96,11,397,107,541,62.26148743,voc_emotic_ava/AVA__674842.jpg,720,484,0,0,484,720
68.52737878,patches/AVA__726041.jpg,288,193,55,160,248,448,71.8066493,216,145,294,321,439,537,73.61892549,144,96,336,200,432,344,68.91708937,voc_emotic_ava/AVA__726041.jpg,720,484,0,0,484,720
76.03041204,patches/AVA__644594.jpg,288,193,273,53,466,341,80.33089462,216,145,5,62,150,278,78.04899514,144,96,168,29,264,173,72.1240095,voc_emotic_ava/AVA__644594.jpg,720,484,0,0,484,720
82.63986016,patches/AVA__786200.jpg,288,193,221,269,414,557,77.15357017,216,145,181,99,326,315,75.78110878,144,96,377,84,473,228,73.80504292,voc_emotic_ava/AVA__786200.jpg,720,484,0,0,484,720
78.26333821,patches/AVA__661437.jpg,288,193,165,154,358,442,77.9548924,216,145,107,459,252,675,75.49685056,144,96,13,404,109,548,77.61239652,voc_emotic_ava/AVA__661437.jpg,720,484,0,0,484,720
85.44408974,patches/AVA__579606.jpg,288,193,270,117,463,405,78.77588269,216,144,53,280,197,496,83.29446458,144,96,114,176,210,320,77.35455023,voc_emotic_ava/AVA__579606.jpg,720,483,0,0,483,720
86.63184916,patches/AVA__750480.jpg,288,193,212,302,405,590,71.63268273,216,144,82,129,226,345,72.49321399,144,96,307,160,403,304,77.19141348,voc_emotic_ava/AVA__750480.jpg,720,483,0,0,483,720
78.74041108,patches/AVA__755943.jpg,288,193,104,98,297,386,77.79363108,216,144,11,413,155,629,69.76349851,144,96,379,535,475,679,87.4392676,voc_emotic_ava/AVA__755943.jpg,720,483,0,0,483,720
86.4908739,patches/AVA__638087.jpg,288,193,277,343,470,631,81.34923614,216,144,68,291,212,507,62.35653463,144,96,35,115,131,259,74.42339443,voc_emotic_ava/AVA__638087.jpg,720,483,0,0,483,720
77.43069307,patches/AVA__756761.jpg,288,193,27,400,220,688,71.80134765,216,144,198,465,342,681,74.2552184,144,96,351,187,447,331,66.62274642,voc_emotic_ava/AVA__756761.jpg,720,483,0,0,483,720
78.9803985,patches/AVA__743730.jpg,288,193,104,61,297,349,74.24433259,216,144,311,95,455,311,71.93722371,144,96,210,501,306,645,77.3803821,voc_emotic_ava/AVA__743730.jpg,720,483,0,0,483,720
84.4930173,patches/AVA__752255.jpg,288,193,221,159,414,447,74.86394103,216,144,335,485,479,701,76.20515763,144,96,83,504,179,648,72.88863695,voc_emotic_ava/AVA__752255.jpg,720,483,0,0,483,720
82.20359546,patches/AVA__820860.jpg,288,193,46,403,239,691,78.54439226,216,144,31,40,175,256,75.23795174,144,96,383,304,479,448,78.09194897,voc_emotic_ava/AVA__820860.jpg,720,483,0,0,483,720
80.8181109,patches/AVA__402091.jpg,288,193,283,62,476,350,67.11854453,216,144,103,96,247,312,74.41002704,144,96,191,338,287,482,62.12206666,voc_emotic_ava/AVA__402091.jpg,720,483,0,0,483,720
73.60878697,patches/AVA__386041.jpg,288,193,240,380,433,668,57.90832348,216,144,38,51,182,267,74.36592624,144,96,23,531,119,675,77.34141387,voc_emotic_ava/AVA__386041.jpg,720,483,0,0,483,720
70.20682258,patches/AVA__906012.jpg,198,280,406,177,686,375,68.79848745,148,210,152,128,362,276,71.77707536,99,140,503,101,643,200,68.15705732,voc_emotic_ava/AVA__906012.jpg,496,700,0,0,700,496
75.79888554,patches/AVA__941733.jpg,320,173,192,217,365,537,68.47906376,240,130,108,141,238,381,62.5217462,160,86,3,520,89,680,78.65307979,voc_emotic_ava/AVA__941733.jpg,800,434,0,0,434,800
73.21543878,patches/AVA__650233.jpg,288,192,39,151,231,439,77.53123755,216,144,297,413,441,629,61.70211692,144,96,173,544,269,688,77.07547353,voc_emotic_ava/AVA__650233.jpg,720,482,0,0,482,720
71.51725258,patches/AVA__663495.jpg,288,192,144,165,336,453,70.55012884,216,144,84,384,228,600,70.69771006,144,96,320,372,416,516,69.25749939,voc_emotic_ava/AVA__663495.jpg,720,482,0,0,482,720
69.83140209,patches/AVA__653781.jpg,288,192,239,291,431,579,76.77786979,216,144,25,184,169,400,72.50707414,144,96,283,12,379,156,78.8347542,voc_emotic_ava/AVA__653781.jpg,720,482,0,0,482,720
66.92807547,patches/AVA__741419.jpg,288,192,217,270,409,558,70.89228736,216,144,335,44,479,260,76.89035532,144,96,193,71,289,215,70.27103247,voc_emotic_ava/AVA__741419.jpg,720,482,0,0,482,720
85.602626,patches/AVA__636122.jpg,288,192,165,30,357,318,82.48384942,216,144,56,304,200,520,73.18970556,144,96,266,462,362,606,74.56508974,voc_emotic_ava/AVA__636122.jpg,720,482,0,0,482,720
74.27677934,patches/AVA__661940.jpg,288,192,233,428,425,716,66.31020592,216,144,80,42,224,258,71.43182296,144,96,266,9,362,153,74.95391512,voc_emotic_ava/AVA__661940.jpg,720,482,0,0,482,720
85.88180849,patches/AVA__674796.jpg,288,192,118,286,310,574,64.2140937,216,144,318,435,462,651,76.73968975,144,96,333,195,429,339,90.53436335,voc_emotic_ava/AVA__674796.jpg,720,482,0,0,482,720
73.10096308,patches/AVA__726794.jpg,288,192,5,172,197,460,75.29271331,216,144,171,3,315,219,70.36542349,144,96,350,327,446,471,68.15159608,voc_emotic_ava/AVA__726794.jpg,720,482,0,0,482,720
80.64492067,patches/AVA__726919.jpg,288,192,243,334,435,622,71.55087484,216,144,59,346,203,562,74.73652418,144,96,124,138,220,282,78.1436837,voc_emotic_ava/AVA__726919.jpg,720,482,0,0,482,720
78.13339073,patches/AVA__703964.jpg,288,192,89,98,281,386,75.75119815,216,144,297,276,441,492,77.32514805,144,96,256,512,352,656,69.67541649,voc_emotic_ava/AVA__703964.jpg,720,482,0,0,482,720
87.34677916,patches/AVA__820167.jpg,288,192,0,408,192,696,84.01593791,216,144,161,479,305,695,69.10375558,144,96,3,38,99,182,82.37364101,voc_emotic_ava/AVA__820167.jpg,720,482,0,0,482,720
64.99243648,patches/AVA__458298.jpg,288,192,261,27,453,315,72.33253995,216,144,208,411,352,627,74.58901837,144,96,2,280,98,424,77.34393625,voc_emotic_ava/AVA__458298.jpg,720,482,0,0,482,720
61.6219043,patches/AVA__739551.jpg,288,192,133,69,325,357,63.83390924,216,144,293,85,437,301,53.72901148,144,96,23,509,119,653,57.11446268,voc_emotic_ava/AVA__739551.jpg,720,482,0,0,482,720
64.66792593,patches/AVA__778237.jpg,288,192,50,25,242,313,59.30841398,216,144,215,56,359,272,54.0297835,144,96,284,414,380,558,65.43207844,voc_emotic_ava/AVA__778237.jpg,720,482,0,0,482,720
82.9773416,patches/AVA__633318.jpg,288,192,287,28,479,316,74.90975386,216,144,54,117,198,333,62.44835982,144,96,277,562,373,706,75.64140348,voc_emotic_ava/AVA__633318.jpg,720,482,0,0,482,720
47.88034284,patches/AVA__743292.jpg,288,192,100,401,292,689,71.44301248,216,144,283,150,427,366,66.09007246,144,96,68,236,164,380,75.81967184,voc_emotic_ava/AVA__743292.jpg,720,482,0,0,482,720
69.98262424,patches/AVA__749541.jpg,288,192,80,126,272,414,53.83421472,216,144,104,493,248,709,71.70645492,144,96,256,304,352,448,77.3412359,voc_emotic_ava/AVA__749541.jpg,720,482,0,0,482,720
79.16121435,patches/AVA__716259.jpg,288,192,140,431,332,719,81.12546373,216,144,74,225,218,441,74.66851721,144,96,319,279,415,423,75.82968806,voc_emotic_ava/AVA__716259.jpg,720,482,0,0,482,720
74.90097209,patches/AVA__449240.jpg,288,192,11,270,203,558,77.26179248,216,144,307,213,451,429,74.61820292,144,96,313,421,409,565,75.19629186,voc_emotic_ava/AVA__449240.jpg,720,482,0,0,482,720
77.46226955,patches/AVA__784999.jpg,288,192,286,427,478,715,76.45414451,216,144,91,287,235,503,73.63244029,144,96,49,81,145,225,77.92941045,voc_emotic_ava/AVA__784999.jpg,720,482,0,0,482,720
81.72329258,patches/AVA__647895.jpg,288,192,69,321,261,609,76.38125243,216,144,190,98,334,314,66.41877966,144,96,365,455,461,599,72.37188278,voc_emotic_ava/AVA__647895.jpg,720,482,0,0,482,720
70.45927902,patches/AVA__830315.jpg,288,192,82,107,274,395,62.94082045,216,144,324,458,468,674,64.47566618,144,96,376,59,472,203,67.2000901,voc_emotic_ava/AVA__830315.jpg,720,482,0,0,482,720
76.05078262,patches/AVA__672721.jpg,288,192,226,140,418,428,79.22342297,216,144,58,481,202,697,68.71673788,144,96,38,132,134,276,70.1108886,voc_emotic_ava/AVA__672721.jpg,720,482,0,0,482,720
78.05504435,patches/AVA__829828.jpg,288,192,83,328,275,616,82.10037702,216,144,221,499,365,715,80.96621419,144,96,130,80,226,224,71.01053294,voc_emotic_ava/AVA__829828.jpg,720,482,0,0,482,720
67.26769943,patches/AVA__747454.jpg,288,192,254,138,446,426,67.10949571,216,144,1,276,145,492,74.70909387,144,96,81,511,177,655,74.59921724,voc_emotic_ava/AVA__747454.jpg,720,482,0,0,482,720
68.56836406,patches/AVA__754426.jpg,288,192,135,290,327,578,77.7901077,216,144,307,288,451,504,76.96386694,144,96,174,153,270,297,71.75080619,voc_emotic_ava/AVA__754426.jpg,720,482,0,0,482,720
81.65723648,patches/AVA__735096.jpg,288,192,68,111,260,399,72.58229539,216,144,112,464,256,680,67.94321695,144,96,339,62,435,206,75.54380054,voc_emotic_ava/AVA__735096.jpg,720,482,0,0,482,720
87.22303082,patches/AVA__830318.jpg,288,192,81,60,273,348,65.9789562,216,144,249,401,393,617,87.64542247,144,96,279,208,375,352,72.13360853,voc_emotic_ava/AVA__830318.jpg,720,482,0,0,482,720
73.1731366,patches/AVA__693549.jpg,288,192,262,379,454,667,76.8033217,216,144,238,5,382,221,77.0280656,144,96,155,334,251,478,76.33633379,voc_emotic_ava/AVA__693549.jpg,720,482,0,0,482,720
72.27662479,patches/AVA__793865.jpg,288,192,279,110,471,398,76.14502097,216,144,41,295,185,511,72.81289916,144,96,219,355,315,499,74.37777627,voc_emotic_ava/AVA__793865.jpg,720,482,0,0,482,720
85.47240343,patches/AVA__755583.jpg,288,192,155,290,347,578,81.25830112,216,144,99,43,243,259,73.1332542,144,96,59,225,155,369,77.14812103,voc_emotic_ava/AVA__755583.jpg,720,482,0,0,482,720
86.98634702,patches/AVA__402286.jpg,288,192,263,422,455,710,79.78604635,216,144,160,10,304,226,78.61091013,144,96,84,373,180,517,66.76945849,voc_emotic_ava/AVA__402286.jpg,720,482,0,0,482,720
52.58703869,patches/AVA__733912.jpg,288,192,138,2,330,290,26.30562518,216,144,31,220,175,436,74.18706897,144,96,204,409,300,553,64.63971091,voc_emotic_ava/AVA__733912.jpg,720,482,0,0,482,720
74.40156808,patches/AVA__684214.jpg,288,192,251,287,443,575,76.11420098,216,144,209,54,353,270,67.94120481,144,96,61,575,157,719,71.12632304,voc_emotic_ava/AVA__684214.jpg,720,482,0,0,482,720
76.16382438,patches/AVA__919029.jpg,204,272,197,204,469,408,65.87888806,153,204,398,70,602,223,74.32257831,102,136,139,47,275,149,60.32462551,voc_emotic_ava/AVA__919029.jpg,510,680,0,0,680,510
76.40038168,patches/AVA__505116.jpg,256,216,167,223,383,479,72.19713838,192,162,258,74,420,266,71.94854928,128,108,419,493,527,621,72.05825826,voc_emotic_ava/AVA__505116.jpg,642,540,0,0,540,642
83.87279573,patches/AVA__917753.jpg,198,280,286,180,566,378,69.23408966,148,210,483,78,693,226,59.70892802,99,140,64,142,204,241,79.92349917,voc_emotic_ava/AVA__917753.jpg,495,700,0,0,700,495
65.85157581,patches/AVA__775429.jpg,198,280,3,166,283,364,79.34449438,148,210,232,245,442,393,71.83645564,99,140,302,111,442,210,71.57800597,voc_emotic_ava/AVA__775429.jpg,495,700,0,0,700,495
73.15204551,patches/AVA__801027.jpg,288,192,215,57,407,345,78.36483512,216,144,335,499,479,715,73.13882605,144,96,179,421,275,565,72.52620549,voc_emotic_ava/AVA__801027.jpg,720,481,0,0,481,720
75.02012622,patches/AVA__771401.jpg,288,192,151,46,343,334,73.08831337,216,144,292,231,436,447,70.07866932,144,96,24,527,120,671,76.23903585,voc_emotic_ava/AVA__771401.jpg,720,481,0,0,481,720
76.06289346,patches/AVA__840300.jpg,288,192,273,309,465,597,80.89920851,216,144,142,265,286,481,72.16801222,144,96,45,366,141,510,68.52333019,voc_emotic_ava/AVA__840300.jpg,720,481,0,0,481,720
76.23280998,patches/AVA__451878.jpg,288,192,122,278,314,566,82.27098756,216,144,64,135,208,351,80.12003768,144,96,297,445,393,589,69.62955999,voc_emotic_ava/AVA__451878.jpg,720,481,0,0,481,720
66.90268855,patches/AVA__757367.jpg,288,192,269,71,461,359,79.46810225,216,144,155,254,299,470,68.51696095,144,96,40,59,136,203,65.35788627,voc_emotic_ava/AVA__757367.jpg,720,481,0,0,481,720
60.82115059,patches/AVA__725313.jpg,288,192,117,51,309,339,54.82495495,216,144,312,74,456,290,76.08092168,144,96,369,391,465,535,76.8430257,voc_emotic_ava/AVA__725313.jpg,720,481,0,0,481,720
85.02907536,patches/AVA__830642.jpg,288,192,50,37,242,325,79.07351588,216,144,258,370,402,586,78.93519245,144,96,62,380,158,524,80.04385156,voc_emotic_ava/AVA__830642.jpg,720,481,0,0,481,720
81.95498726,patches/AVA__696163.jpg,288,192,70,360,262,648,80.029955,216,144,194,121,338,337,67.42875661,144,96,368,571,464,715,75.57375589,voc_emotic_ava/AVA__696163.jpg,720,481,0,0,481,720
87.36359119,patches/AVA__830712.jpg,288,192,98,413,290,701,76.23001006,216,144,303,291,447,507,70.36166749,144,96,225,224,321,368,77.85361377,voc_emotic_ava/AVA__830712.jpg,720,481,0,0,481,720
83.42660852,patches/AVA__579014.jpg,288,192,105,71,297,359,77.94200375,216,144,158,339,302,555,71.71230166,144,96,8,388,104,532,80.8951199,voc_emotic_ava/AVA__579014.jpg,720,481,0,0,481,720
76.38637315,patches/AVA__635866.jpg,288,192,284,200,476,488,76.81627363,216,144,24,222,168,438,72.59652754,144,96,94,7,190,151,74.36290265,voc_emotic_ava/AVA__635866.jpg,720,481,0,0,481,720
85.07504485,patches/AVA__747482.jpg,287,192,0,28,192,315,77.89328624,215,144,97,416,241,631,71.77635114,143,96,228,513,324,656,70.32618757,voc_emotic_ava/AVA__747482.jpg,718,482,0,0,482,718
70.12593564,patches/AVA__758002.jpg,288,192,2,431,194,719,62.76431811,216,144,51,92,195,308,58.9289777,144,96,343,221,439,365,67.69026939,voc_emotic_ava/AVA__758002.jpg,720,480,0,0,480,720
59.95148452,patches/AVA__785054.jpg,288,192,48,191,240,479,52.8465129,216,144,273,472,417,688,54.8081732,144,96,323,184,419,328,22.54927825,voc_emotic_ava/AVA__785054.jpg,720,480,0,0,480,720
83.76657464,patches/AVA__716629.jpg,288,192,231,188,423,476,64.47474587,216,144,69,120,213,336,77.70324466,144,96,218,37,314,181,77.07936879,voc_emotic_ava/AVA__716629.jpg,720,480,0,0,480,720
75.01733394,patches/AVA__716681.jpg,288,192,70,177,262,465,66.14788381,216,144,308,462,452,678,73.96467935,144,96,120,528,216,672,59.05957181,voc_emotic_ava/AVA__716681.jpg,720,480,0,0,480,720
64.54205324,patches/AVA__739664.jpg,288,192,269,314,461,602,73.31857093,216,144,162,181,306,397,54.39308752,144,96,373,181,469,325,71.71565983,voc_emotic_ava/AVA__739664.jpg,720,480,0,0,480,720
75.2988644,patches/AVA__739386.jpg,288,192,122,35,314,323,66.86039591,216,144,319,325,463,541,67.42303534,144,96,294,534,390,678,62.30222631,voc_emotic_ava/AVA__739386.jpg,720,480,0,0,480,720
78.86180404,patches/AVA__740745.jpg,288,192,93,265,285,553,69.89582948,216,144,187,116,331,332,70.717889,144,96,16,386,112,530,69.70318623,voc_emotic_ava/AVA__740745.jpg,720,480,0,0,480,720
81.37983548,patches/AVA__741089.jpg,288,192,128,94,320,382,76.89349127,216,144,40,483,184,699,71.90867917,144,96,282,330,378,474,73.64880562,voc_emotic_ava/AVA__741089.jpg,720,480,0,0,480,720
78.08008886,patches/AVA__455816.jpg,288,192,97,100,289,388,85.91843968,216,144,113,361,257,577,73.62230885,144,96,313,443,409,587,75.11888761,voc_emotic_ava/AVA__455816.jpg,720,480,0,0,480,720
83.41773973,patches/AVA__736013.jpg,288,192,111,126,303,414,74.03386386,216,144,296,66,440,282,72.70143495,144,96,201,571,297,715,72.02719893,voc_emotic_ava/AVA__736013.jpg,720,480,0,0,480,720
85.48328558,patches/EMOTIC__5w3ne7fzpc5l9yjwoz.jpg,288,192,190,384,382,672,47.30773453,216,144,43,207,187,423,69.18550669,144,96,179,260,275,404,72.99167714,voc_emotic_ava/EMOTIC__5w3ne7fzpc5l9yjwoz.jpg,720,480,0,0,480,720
74.98705062,patches/AVA__745820.jpg,288,192,77,349,269,637,79.53980203,216,144,273,124,417,340,56.69210228,144,96,3,502,99,646,71.23250973,voc_emotic_ava/AVA__745820.jpg,720,480,0,0,480,720
82.8876751,patches/AVA__725512.jpg,288,192,119,390,311,678,70.09835634,216,144,198,99,342,315,62.2417954,144,96,13,125,109,269,77.00290316,voc_emotic_ava/AVA__725512.jpg,720,480,0,0,480,720
74.69076487,patches/AVA__705281.jpg,288,192,166,43,358,331,77.20658977,216,144,42,392,186,608,75.91237679,144,96,176,450,272,594,76.39109864,voc_emotic_ava/AVA__705281.jpg,720,480,0,0,480,720
81.15724629,patches/AVA__749386.jpg,288,192,120,29,312,317,72.22804128,216,144,312,47,456,263,71.7872408,144,96,242,508,338,652,64.73635562,voc_emotic_ava/AVA__749386.jpg,720,480,0,0,480,720
80.68638307,patches/AVA__749700.jpg,288,192,53,146,245,434,71.86073934,216,144,48,460,192,676,80.20100559,144,96,353,435,449,579,79.98461336,voc_emotic_ava/AVA__749700.jpg,720,480,0,0,480,720
70.80227692,patches/AVA__456192.jpg,288,192,189,223,381,511,85.87807739,216,144,119,480,263,696,44.95341575,144,96,56,430,152,574,71.64813047,voc_emotic_ava/AVA__456192.jpg,720,480,0,0,480,720
74.54458501,patches/AVA__728562.jpg,288,192,225,236,417,524,64.51707815,216,144,315,61,459,277,63.84218556,144,96,146,533,242,677,68.12782712,voc_emotic_ava/AVA__728562.jpg,720,480,0,0,480,720
78.20503253,patches/AVA__759655.jpg,288,192,239,330,431,618,74.69827733,216,144,69,267,213,483,53.9852596,144,96,77,150,173,294,74.18423986,voc_emotic_ava/AVA__759655.jpg,720,480,0,0,480,720
67.93743378,patches/AVA__751525.jpg,288,192,92,56,284,344,56.65614629,216,144,274,18,418,234,70.37775046,144,96,357,364,453,508,63.27932233,voc_emotic_ava/AVA__751525.jpg,720,480,0,0,480,720
76.30061619,patches/EMOTIC__sun_arvrhxxxoswjpoii.jpg,288,192,173,412,365,700,74.90497826,216,144,297,29,441,245,80.33897439,144,96,341,565,437,709,74.75211241,voc_emotic_ava/EMOTIC__sun_arvrhxxxoswjpoii.jpg,720,480,0,0,480,720
76.67607991,patches/AVA__752677.jpg,288,192,274,202,466,490,79.80867954,216,144,199,20,343,236,78.80024625,144,96,115,137,211,281,64.80227666,voc_emotic_ava/AVA__752677.jpg,720,480,0,0,480,720
82.1626171,patches/AVA__725291.jpg,288,192,93,172,285,460,78.23416339,216,144,304,214,448,430,75.60898492,144,96,14,570,110,714,75.19094578,voc_emotic_ava/AVA__725291.jpg,720,480,0,0,480,720
75.31217248,patches/AVA__725049.jpg,288,192,136,301,328,589,79.0578812,216,144,275,225,419,441,69.13519861,144,96,115,167,211,311,73.18582642,voc_emotic_ava/AVA__725049.jpg,720,480,0,0,480,720
75.484681,patches/AVA__504391.jpg,288,192,165,231,357,519,74.1748546,216,144,94,120,238,336,77.29451358,144,96,87,310,183,454,74.61746503,voc_emotic_ava/AVA__504391.jpg,720,480,0,0,480,720
75.20034182,patches/AVA__504970.jpg,288,192,278,414,470,702,79.63667423,216,144,48,307,192,523,75.77661329,144,96,324,191,420,335,75.95357027,voc_emotic_ava/AVA__504970.jpg,720,480,0,0,480,720
65.72823521,patches/AVA__451314.jpg,288,192,235,57,427,345,63.1974137,216,144,157,378,301,594,67.88077391,144,96,29,265,125,409,67.66278614,voc_emotic_ava/AVA__451314.jpg,720,480,0,0,480,720
74.55584381,patches/AVA__739387.jpg,288,192,251,72,443,360,72.42317007,216,144,312,449,456,665,70.29039941,144,96,99,68,195,212,70.47822544,voc_emotic_ava/AVA__739387.jpg,720,480,0,0,480,720
75.0614807,patches/AVA__563366.jpg,288,192,267,165,459,453,72.11068783,216,144,211,15,355,231,77.48347503,144,96,97,572,193,716,74.21206693,voc_emotic_ava/AVA__563366.jpg,720,480,0,0,480,720
84.81355256,patches/AVA__505669.jpg,288,192,81,371,273,659,73.62072352,216,144,319,434,463,650,79.55629908,144,96,237,197,333,341,72.54917724,voc_emotic_ava/AVA__505669.jpg,720,480,0,0,480,720
78.36541778,patches/AVA__726988.jpg,288,192,225,322,417,610,77.86432368,216,144,128,112,272,328,71.42324057,144,96,360,210,456,354,76.53440075,voc_emotic_ava/AVA__726988.jpg,720,480,0,0,480,720
75.52475438,patches/AVA__832035.jpg,288,192,158,18,350,306,80.13135979,216,144,49,158,193,374,65.7833269,144,96,311,264,407,408,69.58553605,voc_emotic_ava/AVA__832035.jpg,720,480,0,0,480,720
80.59127942,patches/AVA__940266.jpg,288,192,82,186,274,474,67.28151371,216,144,232,330,376,546,72.64297528,144,96,156,493,252,637,72.52489765,voc_emotic_ava/AVA__940266.jpg,720,480,0,0,480,720
80.77730452,patches/AVA__827740.jpg,288,192,256,280,448,568,74.52327707,216,144,51,494,195,710,72.3207641,144,96,132,12,228,156,76.28533711,voc_emotic_ava/AVA__827740.jpg,720,480,0,0,480,720
73.64298281,patches/AVA__821063.jpg,288,192,69,35,261,323,76.18674485,216,144,314,354,458,570,74.91218731,144,96,383,92,479,236,74.7414733,voc_emotic_ava/AVA__821063.jpg,720,480,0,0,480,720
88.08420556,patches/AVA__444603.jpg,288,192,259,261,451,549,64.61533492,216,144,1,238,145,454,58.95863631,144,96,56,41,152,185,74.81471182,voc_emotic_ava/AVA__444603.jpg,720,480,0,0,480,720
78.58914106,patches/AVA__678056.jpg,288,192,133,380,325,668,50.25053145,216,144,56,176,200,392,64.82921976,144,96,352,20,448,164,68.01536322,voc_emotic_ava/AVA__678056.jpg,720,480,0,0,480,720
84.06001218,patches/AVA__778193.jpg,288,192,146,258,338,546,70.3673835,216,144,293,40,437,256,74.81804998,144,96,0,25,96,169,81.24070362,voc_emotic_ava/AVA__778193.jpg,720,480,0,0,480,720
74.40596067,patches/AVA__777662.jpg,288,192,245,406,437,694,70.52060772,216,144,231,13,375,229,57.30830816,144,96,75,503,171,647,78.06827185,voc_emotic_ava/AVA__777662.jpg,720,480,0,0,480,720
58.16698191,patches/AVA__823838.jpg,288,192,36,262,228,550,73.80317139,216,144,305,357,449,573,67.31176685,144,96,121,113,217,257,73.27972829,voc_emotic_ava/AVA__823838.jpg,720,480,0,0,480,720
85.15357415,patches/AVA__333769.jpg,288,192,77,255,269,543,65.4922939,216,144,333,414,477,630,74.82595576,144,96,45,33,141,177,74.48770499,voc_emotic_ava/AVA__333769.jpg,720,480,0,0,480,720
69.93449217,patches/AVA__824249.jpg,288,192,218,105,410,393,65.77794437,216,144,117,230,261,446,73.86522345,144,96,368,440,464,584,67.43245422,voc_emotic_ava/AVA__824249.jpg,720,480,0,0,480,720
75.52724126,patches/AVA__824418.jpg,288,192,249,254,441,542,75.55440034,216,144,122,9,266,225,70.24679272,144,96,299,547,395,691,69.80822223,voc_emotic_ava/AVA__824418.jpg,720,480,0,0,480,720
70.96656538,patches/AVA__776740.jpg,288,192,216,206,408,494,71.35302053,216,144,102,277,246,493,63.40086968,144,96,325,507,421,651,74.38078944,voc_emotic_ava/AVA__776740.jpg,720,480,0,0,480,720
71.86879571,patches/AVA__651558.jpg,288,192,264,136,456,424,75.75791442,216,144,4,341,148,557,59.70544117,144,96,93,41,189,185,73.23868626,voc_emotic_ava/AVA__651558.jpg,720,480,0,0,480,720
74.61932925,patches/AVA__682565.jpg,288,192,164,432,356,720,77.42611837,216,144,67,290,211,506,74.37352716,144,96,50,147,146,291,84.64004506,voc_emotic_ava/AVA__682565.jpg,720,480,0,0,480,720
77.68464858,patches/AVA__504559.jpg,288,192,253,266,445,554,72.05176719,216,144,30,104,174,320,76.5833713,144,96,114,461,210,605,72.92923491,voc_emotic_ava/AVA__504559.jpg,720,480,0,0,480,720
72.29296538,patches/AVA__684154.jpg,288,192,278,3,470,291,61.85997697,216,144,35,382,179,598,62.43965015,144,96,294,521,390,665,78.58966863,voc_emotic_ava/AVA__684154.jpg,720,480,0,0,480,720
77.54465921,patches/AVA__824097.jpg,288,192,99,22,291,310,66.31243031,216,144,125,318,269,534,67.49426159,144,96,348,391,444,535,67.91150443,voc_emotic_ava/AVA__824097.jpg,720,480,0,0,480,720
68.41477653,patches/AVA__799217.jpg,288,192,271,258,463,546,68.44054937,216,144,115,405,259,621,76.07378938,144,96,189,10,285,154,69.9382413,voc_emotic_ava/AVA__799217.jpg,720,480,0,0,480,720
79.81076956,patches/AVA__688941.jpg,288,192,253,352,445,640,78.37488617,216,144,104,424,248,640,68.83883565,144,96,0,248,96,392,75.00822163,voc_emotic_ava/AVA__688941.jpg,720,480,0,0,480,720
79.19105382,patches/AVA__773726.jpg,288,192,279,298,471,586,72.12367534,216,144,97,43,241,259,71.91681548,144,96,326,122,422,266,75.79591141,voc_emotic_ava/AVA__773726.jpg,720,480,0,0,480,720
87.5549229,patches/AVA__773699.jpg,288,192,170,183,362,471,77.37846554,216,144,165,476,309,692,74.63185425,144,96,12,384,108,528,77.0505704,voc_emotic_ava/AVA__773699.jpg,720,480,0,0,480,720
81.98917653,patches/AVA__690769.jpg,288,192,130,72,322,360,78.9492588,216,144,119,395,263,611,68.59698642,144,96,358,166,454,310,73.52378936,voc_emotic_ava/AVA__690769.jpg,720,480,0,0,480,720
78.45486434,patches/AVA__554438.jpg,288,192,178,81,370,369,61.87761176,216,144,59,392,203,608,51.159673,144,96,280,547,376,691,80.10776768,voc_emotic_ava/AVA__554438.jpg,720,480,0,0,480,720
83.09324927,patches/AVA__800187.jpg,288,192,230,299,422,587,73.56897661,216,144,236,60,380,276,75.91339126,144,96,87,558,183,702,74.98606057,voc_emotic_ava/AVA__800187.jpg,720,480,0,0,480,720
75.34555354,patches/AVA__809795.jpg,288,192,239,186,431,474,80.43047697,216,144,58,292,202,508,64.00971142,144,96,249,537,345,681,76.97385462,voc_emotic_ava/AVA__809795.jpg,720,480,0,0,480,720
75.59376395,patches/AVA__820923.jpg,288,192,140,130,332,418,72.20997696,216,144,296,99,440,315,77.17479119,144,96,140,385,236,529,72.52380377,voc_emotic_ava/AVA__820923.jpg,720,480,0,0,480,720
79.417912,patches/AVA__676101.jpg,288,192,4,244,196,532,80.9497096,216,144,109,26,253,242,71.08784669,144,96,213,519,309,663,75.68979888,voc_emotic_ava/AVA__676101.jpg,720,480,0,0,480,720
72.79092482,patches/AVA__819846.jpg,288,192,72,413,264,701,78.11199832,216,144,63,195,207,411,74.93614357,144,96,180,121,276,265,74.06522139,voc_emotic_ava/AVA__819846.jpg,720,480,0,0,480,720
79.71764714,patches/AVA__644713.jpg,288,192,233,334,425,622,80.19325925,216,144,278,48,422,264,75.36443021,144,96,128,30,224,174,79.84986411,voc_emotic_ava/AVA__644713.jpg,720,480,0,0,480,720
87.96348023,patches/AVA__792239.jpg,288,192,7,271,199,559,76.71367573,216,144,225,460,369,676,72.7590268,144,96,141,552,237,696,86.70736349,voc_emotic_ava/AVA__792239.jpg,720,480,0,0,480,720
82.52052741,patches/AVA__641886.jpg,288,192,191,147,383,435,75.98349908,216,144,38,112,182,328,74.21144965,144,96,284,436,380,580,72.76365248,voc_emotic_ava/AVA__641886.jpg,720,480,0,0,480,720
71.1885116,patches/AVA__828155.jpg,288,192,48,419,240,707,76.41807296,216,144,269,139,413,355,67.5148163,144,96,7,115,103,259,77.6415467,voc_emotic_ava/AVA__828155.jpg,720,480,0,0,480,720
82.38803641,patches/AVA__810986.jpg,288,192,171,391,363,679,77.74409161,216,144,298,9,442,225,78.58116466,144,96,121,141,217,285,75.6065836,voc_emotic_ava/AVA__810986.jpg,720,480,0,0,480,720
82.90775084,patches/AVA__793380.jpg,288,192,29,134,221,422,79.62970841,216,144,83,372,227,588,69.73797592,144,96,331,266,427,410,77.21436133,voc_emotic_ava/AVA__793380.jpg,720,480,0,0,480,720
74.3320939,patches/AVA__403165.jpg,288,192,45,353,237,641,62.66658534,216,144,215,42,359,258,63.88860643,144,96,383,64,479,208,72.35909725,voc_emotic_ava/AVA__403165.jpg,720,480,0,0,480,720
76.56278363,patches/AVA__638998.jpg,288,192,223,243,415,531,80.94823089,216,144,85,415,229,631,58.59894694,144,96,130,292,226,436,78.98716116,voc_emotic_ava/AVA__638998.jpg,720,480,0,0,480,720
66.24538868,patches/AVA__810965.jpg,288,192,118,422,310,710,62.86725991,216,144,330,189,474,405,53.77649907,144,96,12,334,108,478,64.5328489,voc_emotic_ava/AVA__810965.jpg,720,480,0,0,480,720
76.41605291,patches/AVA__637923.jpg,288,192,144,157,336,445,77.13564581,216,144,277,59,421,275,58.6684502,144,96,96,575,192,719,68.47119331,voc_emotic_ava/AVA__637923.jpg,720,480,0,0,480,720
65.61793619,patches/AVA__786156.jpg,288,192,26,259,218,547,67.99950666,216,144,194,244,338,460,73.09860619,144,96,151,153,247,297,64.52377685,voc_emotic_ava/AVA__786156.jpg,720,480,0,0,480,720
77.42624256,patches/AVA__786112.jpg,288,192,234,366,426,654,80.04217863,216,144,76,323,220,539,65.83452869,144,96,105,528,201,672,77.14010008,voc_emotic_ava/AVA__786112.jpg,720,480,0,0,480,720
80.58985621,patches/AVA__637565.jpg,288,192,256,190,448,478,67.31084459,216,144,72,299,216,515,68.60084009,144,96,321,554,417,698,73.11542773,voc_emotic_ava/AVA__637565.jpg,720,480,0,0,480,720
73.42214901,patches/AVA__637535.jpg,288,192,106,428,298,716,75.02723578,216,144,114,204,258,420,63.55634183,144,96,22,114,118,258,79.03771596,voc_emotic_ava/AVA__637535.jpg,720,480,0,0,480,720
80.32756285,patches/AVA__388857.jpg,288,192,108,422,300,710,76.63233159,216,144,124,161,268,377,38.50561185,144,96,23,233,119,377,59.28861942,voc_emotic_ava/AVA__388857.jpg,720,480,0,0,480,720
75.62210649,patches/AVA__810923.jpg,288,192,2,412,194,700,74.80535535,216,144,194,494,338,710,66.01295811,144,96,44,21,140,165,65.28924509,voc_emotic_ava/AVA__810923.jpg,720,480,0,0,480,720
87.28753775,patches/AVA__648986.jpg,288,192,192,196,384,484,71.11505928,216,144,22,66,166,282,72.89104133,144,96,312,455,408,599,77.92450278,voc_emotic_ava/AVA__648986.jpg,720,480,0,0,480,720
81.73470305,patches/AVA__671363.jpg,288,192,100,368,292,656,78.48316138,216,144,151,176,295,392,70.44527692,144,96,282,348,378,492,81.01461162,voc_emotic_ava/AVA__671363.jpg,720,480,0,0,480,720
86.93963829,patches/AVA__404092.jpg,288,192,233,99,425,387,74.30420891,216,144,16,285,160,501,75.77224167,144,96,160,380,256,524,80.35467631,voc_emotic_ava/AVA__404092.jpg,720,480,0,0,480,720
73.71191315,patches/AVA__665025.jpg,288,192,4,425,196,713,82.37637101,216,144,41,178,185,394,78.21163301,144,96,188,112,284,256,72.77613889,voc_emotic_ava/AVA__665025.jpg,720,480,0,0,480,720
81.20523099,patches/AVA__819794.jpg,288,192,105,211,297,499,84.38618637,216,144,2,353,146,569,84.48155563,144,96,64,569,160,713,84.00796969,voc_emotic_ava/AVA__819794.jpg,720,480,0,0,480,720
79.77920908,patches/AVA__649908.jpg,288,192,108,19,300,307,76.09073276,216,144,9,358,153,574,57.6524804,144,96,10,100,106,244,75.30312306,voc_emotic_ava/AVA__649908.jpg,720,480,0,0,480,720
69.6691681,patches/AVA__664528.jpg,288,192,263,251,455,539,73.78392721,216,144,324,59,468,275,55.16308897,144,96,36,55,132,199,75.73385662,voc_emotic_ava/AVA__664528.jpg,720,480,0,0,480,720
76.09409718,patches/AVA__781755.jpg,288,192,34,135,226,423,75.98791156,216,144,172,325,316,541,78.30332065,144,96,44,509,140,653,77.28375143,voc_emotic_ava/AVA__781755.jpg,720,480,0,0,480,720
74.93205158,patches/AVA__449596.jpg,288,192,6,416,198,704,79.35408259,216,144,76,97,220,313,68.85845242,144,96,257,303,353,447,73.42525449,voc_emotic_ava/AVA__449596.jpg,720,480,0,0,480,720
78.68629984,patches/AVA__646577.jpg,288,192,236,377,428,665,65.62229392,216,144,86,494,230,710,61.12597961,144,96,57,207,153,351,68.53276185,voc_emotic_ava/AVA__646577.jpg,720,480,0,0,480,720
57.956336,patches/AVA__850403.jpg,288,192,131,353,323,641,61.61433132,216,144,216,208,360,424,55.07681734,144,96,192,76,288,220,65.13361078,voc_emotic_ava/AVA__850403.jpg,720,480,0,0,480,720
78.76178671,patches/AVA__803805.jpg,288,192,133,389,325,677,62.62857165,216,144,311,483,455,699,71.52627367,144,96,223,8,319,152,79.42450704,voc_emotic_ava/AVA__803805.jpg,720,480,0,0,480,720
75.33896464,patches/AVA__401166.jpg,288,192,285,148,477,436,76.93527141,216,144,152,73,296,289,72.80802887,144,96,167,299,263,443,80.13249688,voc_emotic_ava/AVA__401166.jpg,720,480,0,0,480,720
59.74346488,patches/AVA__458342.jpg,288,192,214,222,406,510,71.02200524,216,144,71,152,215,368,60.10249276,144,96,28,64,124,208,63.21328072,voc_emotic_ava/AVA__458342.jpg,720,480,0,0,480,720
68.1694662,patches/AVA__458683.jpg,288,192,214,374,406,662,62.91129245,216,144,144,22,288,238,60.0444729,144,96,198,220,294,364,62.36883595,voc_emotic_ava/AVA__458683.jpg,720,480,0,0,480,720
84.7512735,patches/AVA__769241.jpg,288,192,47,100,239,388,78.6981257,216,144,203,101,347,317,66.05646364,144,96,265,356,361,500,69.73186116,voc_emotic_ava/AVA__769241.jpg,720,480,0,0,480,720
79.97800091,patches/AVA__704335.jpg,288,192,192,179,384,467,49.36682137,216,144,157,464,301,680,48.97501459,144,96,108,375,204,519,68.52290705,voc_emotic_ava/AVA__704335.jpg,720,480,0,0,480,720
51.77397147,patches/AVA__704041.jpg,288,192,48,99,240,387,78.77649256,216,144,118,456,262,672,71.99049045,144,96,307,380,403,524,77.49548232,voc_emotic_ava/AVA__704041.jpg,720,480,0,0,480,720
66.63999079,patches/AVA__768064.jpg,288,192,283,172,475,460,52.34068325,216,144,86,443,230,659,68.84349275,144,96,191,576,287,720,74.2293309,voc_emotic_ava/AVA__768064.jpg,720,480,0,0,480,720
75.37826207,patches/AVA__767569.jpg,288,192,191,197,383,485,75.63965585,216,144,83,244,227,460,66.19456136,144,96,21,516,117,660,71.20597632,voc_emotic_ava/AVA__767569.jpg,720,480,0,0,480,720
50.99536991,patches/AVA__848146.jpg,320,172,116,102,288,422,56.96607952,240,129,123,431,252,671,66.5585484,160,86,44,59,130,219,50.22264385,voc_emotic_ava/AVA__848146.jpg,800,432,0,0,432,800
63.23189379,patches/AVA__805369.jpg,288,192,275,12,467,300,80.03468058,216,144,168,252,312,468,70.23382772,144,96,142,125,238,269,79.83594072,voc_emotic_ava/AVA__805369.jpg,720,480,0,0,480,720
63.76000036,patches/AVA__653565.jpg,288,192,141,227,333,515,65.55740473,216,144,334,249,478,465,49.9504768,144,96,60,216,156,360,62.45505078,voc_emotic_ava/AVA__653565.jpg,720,480,0,0,480,720
79.90240275,patches/AVA__772525.jpg,288,192,18,7,210,295,82.77520069,216,144,335,211,479,427,77.19697291,144,96,156,339,252,483,87.86150289,voc_emotic_ava/AVA__772525.jpg,720,480,0,0,480,720
87.1640645,patches/AVA__450434.jpg,288,192,87,325,279,613,79.91136668,216,144,73,118,217,334,76.71466905,144,96,13,27,109,171,77.53126436,voc_emotic_ava/AVA__450434.jpg,720,480,0,0,480,720
80.61215697,patches/AVA__765956.jpg,288,192,169,31,361,319,76.79516195,216,144,72,407,216,623,64.33506076,144,96,163,575,259,719,76.57868986,voc_emotic_ava/AVA__765956.jpg,720,480,0,0,480,720
70.74401779,patches/AVA__654837.jpg,288,192,262,280,454,568,72.13378651,216,144,128,437,272,653,73.27260119,144,96,214,26,310,170,81.5229212,voc_emotic_ava/AVA__654837.jpg,720,480,0,0,480,720
62.20806652,patches/AVA__701260.jpg,288,192,282,163,474,451,72.89670479,216,144,94,23,238,239,58.9150647,144,96,325,537,421,681,87.55237431,voc_emotic_ava/AVA__701260.jpg,720,480,0,0,480,720
72.52201567,patches/AVA__656195.jpg,288,192,227,330,419,618,78.7000802,216,144,15,191,159,407,79.08390833,144,96,300,100,396,244,72.93365071,voc_emotic_ava/AVA__656195.jpg,720,480,0,0,480,720
68.55825112,patches/AVA__802467.jpg,288,192,171,166,363,454,66.5052824,216,144,307,406,451,622,68.86255412,144,96,41,337,137,481,72.09654657,voc_emotic_ava/AVA__802467.jpg,720,480,0,0,480,720
81.99357959,patches/AVA__777195.jpg,288,192,32,114,224,402,70.81480955,216,144,269,20,413,236,75.33570247,144,96,328,362,424,506,75.37025549,voc_emotic_ava/AVA__777195.jpg,720,480,0,0,480,720
63.8538114,patches/AVA__458180.jpg,288,192,56,400,248,688,77.44156045,216,144,87,15,231,231,64.34083314,144,96,273,538,369,682,78.46846203,voc_emotic_ava/AVA__458180.jpg,720,480,0,0,480,720
64.78307244,patches/AVA__772164.jpg,288,192,247,339,439,627,65.60595175,216,144,322,63,466,279,52.90265192,144,96,85,230,181,374,70.29280451,voc_emotic_ava/AVA__772164.jpg,720,480,0,0,480,720
70.47330454,patches/AVA__772286.jpg,288,192,232,366,424,654,68.9892011,216,144,171,240,315,456,68.15502097,144,96,25,130,121,274,70.64423898,voc_emotic_ava/AVA__772286.jpg,720,480,0,0,480,720
72.03901147,patches/AVA__761947.jpg,288,192,181,343,373,631,71.23871457,216,144,106,135,250,351,61.93751333,144,96,56,35,152,179,72.2863251,voc_emotic_ava/AVA__761947.jpg,720,480,0,0,480,720
82.50235808,patches/AVA__805995.jpg,288,192,32,368,224,656,71.50077161,216,144,274,359,418,575,49.39531026,144,96,195,71,291,215,71.4816728,voc_emotic_ava/AVA__805995.jpg,720,480,0,0,480,720
50.25505779,patches/AVA__651777.jpg,288,192,267,304,459,592,69.33562061,216,144,30,61,174,277,74.38942275,144,96,12,400,108,544,66.28171827,voc_emotic_ava/AVA__651777.jpg,720,480,0,0,480,720
79.63868368,patches/AVA__772200.jpg,288,192,283,165,475,453,72.78025638,216,144,59,86,203,302,81.84209902,144,96,191,240,287,384,73.42653001,voc_emotic_ava/AVA__772200.jpg,720,480,0,0,480,720
74.28856162,patches/AVA__771385.jpg,288,192,29,224,221,512,77.03429744,216,144,228,388,372,604,67.00401454,144,96,306,173,402,317,68.78859343,voc_emotic_ava/AVA__771385.jpg,720,480,0,0,480,720
75.39451591,patches/AVA__658420.jpg,288,192,138,280,330,568,75.27982055,216,144,261,114,405,330,76.19881181,144,96,42,57,138,201,72.52168724,voc_emotic_ava/AVA__658420.jpg,720,480,0,0,480,720
67.67835015,patches/AVA__695895.jpg,288,192,163,11,355,299,73.66492252,216,144,285,373,429,589,71.51395198,144,96,111,332,207,476,74.69220595,voc_emotic_ava/AVA__695895.jpg,720,480,0,0,480,720
77.19701608,patches/AVA__801433.jpg,288,192,253,170,445,458,62.80726386,216,144,98,13,242,229,74.31230164,144,96,53,453,149,597,71.33511385,voc_emotic_ava/AVA__801433.jpg,720,480,0,0,480,720
62.39923499,patches/AVA__653045.jpg,288,192,128,387,320,675,52.15378726,216,144,240,138,384,354,66.3586983,144,96,313,30,409,174,51.06039227,voc_emotic_ava/AVA__653045.jpg,720,480,0,0,480,720
84.76704943,patches/AVA__770687.jpg,288,192,62,337,254,625,70.36066935,216,144,232,382,376,598,50.50198757,144,96,379,107,475,251,74.87497686,voc_emotic_ava/AVA__770687.jpg,720,480,0,0,480,720
84.93042914,patches/AVA__656221.jpg,288,192,128,72,320,360,78.47355136,216,144,98,366,242,582,75.94305913,144,96,331,298,427,442,71.49653765,voc_emotic_ava/AVA__656221.jpg,720,480,0,0,480,720
72.46773683,patches/AVA__770602.jpg,288,192,69,4,261,292,73.54109257,216,144,168,437,312,653,61.75023222,144,96,40,498,136,642,64.81592349,voc_emotic_ava/AVA__770602.jpg,720,480,0,0,480,720
80.09713501,patches/EMOTIC__fdp6ejoy2z5ckxu7uf.jpg,287,192,53,237,245,524,71.91296476,215,144,274,87,418,302,71.38075519,143,96,317,300,413,443,74.60808254,voc_emotic_ava/EMOTIC__fdp6ejoy2z5ckxu7uf.jpg,719,480,0,0,480,719
76.77044025,patches/AVA__635532.jpg,280,197,36,301,233,581,72.72852342,210,147,335,362,482,572,71.67113984,140,98,216,134,314,274,87.83022033,voc_emotic_ava/AVA__635532.jpg,700,493,0,0,493,700
78.5739413,patches/AVA__759728.jpg,276,200,267,235,467,511,73.08469814,207,150,42,252,192,459,63.93719208,138,100,235,60,335,198,72.21940413,voc_emotic_ava/AVA__759728.jpg,690,500,0,0,500,690
70.01864713,patches/AVA__317222.jpg,288,191,75,260,266,548,71.13961146,216,143,298,41,441,257,72.50884695,144,95,200,136,295,280,58.80030347,voc_emotic_ava/AVA__317222.jpg,720,479,0,0,479,720
77.91348194,patches/AVA__645407.jpg,288,191,105,318,296,606,68.85944504,216,143,316,247,459,463,75.63527597,144,95,321,492,416,636,76.87829794,voc_emotic_ava/AVA__645407.jpg,720,479,0,0,479,720
83.32615991,patches/AVA__788506.jpg,288,191,66,294,257,582,64.05309807,216,143,329,350,472,566,72.42195557,144,95,135,57,230,201,75.14526884,voc_emotic_ava/AVA__788506.jpg,720,479,0,0,479,720
61.382521,patches/AVA__809032.jpg,288,191,266,401,457,689,72.20311059,216,143,184,109,327,325,53.67636482,144,95,4,375,99,519,75.7727985,voc_emotic_ava/AVA__809032.jpg,720,479,0,0,479,720
59.4676326,patches/AVA__681766.jpg,288,191,0,100,191,388,75.74305839,216,143,325,167,468,383,76.9037462,144,95,264,571,359,715,79.01774444,voc_emotic_ava/AVA__681766.jpg,720,479,0,0,479,720
66.93816279,patches/AVA__815283.jpg,288,191,269,221,460,509,84.73265762,216,143,74,229,217,445,72.2832831,144,95,209,174,304,318,67.24943865,voc_emotic_ava/AVA__815283.jpg,720,479,0,0,479,720
78.61064481,patches/AVA__824568.jpg,288,191,148,11,339,299,68.3088118,216,143,206,322,349,538,50.11869048,144,95,347,520,442,664,81.16506017,voc_emotic_ava/AVA__824568.jpg,720,479,0,0,479,720
61.96189623,patches/AVA__504804.jpg,288,191,247,365,438,653,81.75418464,216,143,117,27,260,243,64.93412901,144,95,57,325,152,469,56.74460613,voc_emotic_ava/AVA__504804.jpg,720,479,0,0,479,720
77.04132833,patches/AVA__777314.jpg,288,191,146,199,337,487,54.64348284,216,143,319,499,462,715,61.23358698,144,95,88,490,183,634,74.23337016,voc_emotic_ava/AVA__777314.jpg,720,479,0,0,479,720
72.95078447,patches/AVA__818001.jpg,288,191,224,379,415,667,81.46647563,216,143,207,159,350,375,57.41248669,144,95,357,250,452,394,72.84964557,voc_emotic_ava/AVA__818001.jpg,720,479,0,0,479,720
65.88519388,patches/AVA__450983.jpg,288,191,26,48,217,336,66.70356399,216,143,176,156,319,372,53.95789774,144,95,370,354,465,498,64.10166217,voc_emotic_ava/AVA__450983.jpg,720,479,0,0,479,720
55.39167802,patches/AVA__836841.jpg,288,191,15,340,206,628,78.15467085,216,143,139,219,282,435,65.24197042,144,95,275,399,370,543,64.59907861,voc_emotic_ava/AVA__836841.jpg,720,479,0,0,479,720
74.5403282,patches/AVA__792096.jpg,288,191,119,393,310,681,71.91765258,216,143,147,81,290,297,70.45743013,144,95,335,28,430,172,72.60324742,voc_emotic_ava/AVA__792096.jpg,720,479,0,0,479,720
73.72595949,patches/AVA__503045.jpg,288,191,9,319,200,607,83.94139319,216,143,275,105,418,321,82.35561033,144,95,219,247,314,391,77.01400444,voc_emotic_ava/AVA__503045.jpg,720,479,0,0,479,720
75.95015223,patches/AVA__768714.jpg,288,191,81,173,272,461,68.89962996,216,143,314,123,457,339,72.07585393,144,95,54,438,149,582,72.23753315,voc_emotic_ava/AVA__768714.jpg,720,479,0,0,479,720
84.20848091,patches/AVA__768667.jpg,288,191,60,350,251,638,84.18483638,216,143,96,115,239,331,62.16136971,144,95,360,522,455,666,69.49530369,voc_emotic_ava/AVA__768667.jpg,720,479,0,0,479,720
78.18117629,patches/AVA__782719.jpg,288,191,67,149,258,437,80.78870644,216,143,326,386,469,602,75.13151798,144,95,65,430,160,574,73.76314333,voc_emotic_ava/AVA__782719.jpg,720,479,0,0,479,720
81.79365651,patches/AVA__743773.jpg,288,191,98,43,289,331,57.87170305,216,143,4,482,147,698,73.03476805,144,95,308,339,403,483,80.51056642,voc_emotic_ava/AVA__743773.jpg,720,479,0,0,479,720
78.98112895,patches/AVA__579144.jpg,288,191,199,61,390,349,73.57876782,216,143,302,400,445,616,64.5883017,144,95,349,276,444,420,81.86886845,voc_emotic_ava/AVA__579144.jpg,720,479,0,0,479,720
75.65934811,patches/AVA__859114.jpg,312,176,11,341,187,653,76.26315291,234,132,215,254,347,488,63.47916686,156,88,348,241,436,397,69.19938646,voc_emotic_ava/AVA__859114.jpg,780,442,0,0,442,780
65.87386006,patches/AVA__792136.jpg,288,191,283,45,474,333,73.27068398,216,143,22,205,165,421,72.10796732,144,95,162,214,257,358,63.79318681,voc_emotic_ava/AVA__792136.jpg,720,478,0,0,478,720
83.09533484,patches/AVA__713761.jpg,288,191,81,137,272,425,77.73410688,216,143,233,88,376,304,66.96735746,144,95,309,448,404,592,78.66329423,voc_emotic_ava/AVA__713761.jpg,720,478,0,0,478,720
75.54741465,patches/AVA__739758.jpg,288,191,188,325,379,613,59.44787532,216,143,247,105,390,321,73.76313886,144,95,55,473,150,617,64.80648987,voc_emotic_ava/AVA__739758.jpg,720,478,0,0,478,720
65.33598696,patches/AVA__387745.jpg,288,191,246,273,437,561,68.51121783,216,143,25,99,168,315,67.14394223,144,95,89,379,184,523,64.53013346,voc_emotic_ava/AVA__387745.jpg,720,478,0,0,478,720
67.2589997,patches/AVA__634385.jpg,288,191,211,305,402,593,76.36263808,216,143,325,114,468,330,71.46597851,144,95,283,19,378,163,74.36561955,voc_emotic_ava/AVA__634385.jpg,720,478,0,0,478,720
73.87224453,patches/AVA__816147.jpg,288,191,275,48,466,336,78.6649241,216,143,12,186,155,402,69.28443595,144,95,193,230,288,374,62.40791942,voc_emotic_ava/AVA__816147.jpg,720,478,0,0,478,720
60.33231832,patches/AVA__671345.jpg,288,191,12,268,203,556,74.95530929,216,143,301,376,444,592,51.99187681,144,95,48,22,143,166,66.51455663,voc_emotic_ava/AVA__671345.jpg,720,478,0,0,478,720
86.27401981,patches/AVA__766947.jpg,288,191,145,100,336,388,80.97954122,216,143,95,322,238,538,67.32561601,144,95,118,524,213,668,70.88708479,voc_emotic_ava/AVA__766947.jpg,720,478,0,0,478,720
82.31087563,patches/AVA__786297.jpg,288,191,189,117,380,405,76.53393746,216,143,330,50,473,266,67.95863525,144,95,222,483,317,627,71.88325407,voc_emotic_ava/AVA__786297.jpg,720,478,0,0,478,720
78.57285908,patches/AVA__817845.jpg,288,191,60,256,251,544,73.84122577,216,143,263,84,406,300,79.27781298,144,95,304,270,399,414,76.87167252,voc_emotic_ava/AVA__817845.jpg,720,478,0,0,478,720
84.99714412,patches/AVA__732072.jpg,288,191,49,157,240,445,72.72622147,216,143,301,500,444,716,66.78401183,144,95,1,401,96,545,71.89278366,voc_emotic_ava/AVA__732072.jpg,720,478,0,0,478,720
86.6775178,patches/AVA__450781.jpg,288,191,119,341,310,629,80.42914507,216,143,266,35,409,251,75.51379651,144,95,262,240,357,384,81.35675234,voc_emotic_ava/AVA__450781.jpg,720,478,0,0,478,720
66.35658336,patches/AVA__696153.jpg,288,191,277,106,468,394,61.96633723,216,143,56,37,199,253,58.24359923,144,95,205,110,300,254,65.72529699,voc_emotic_ava/AVA__696153.jpg,720,478,0,0,478,720
75.94603441,patches/AVA__693123.jpg,288,191,40,250,231,538,78.97632453,216,143,199,443,342,659,75.85802619,144,95,60,546,155,690,76.35219073,voc_emotic_ava/AVA__693123.jpg,720,478,0,0,478,720
56.42016083,patches/AVA__743502.jpg,282,195,66,44,261,326,50.55737106,211,146,231,85,377,296,68.8108175,141,97,205,355,302,496,71.00814191,voc_emotic_ava/AVA__743502.jpg,705,488,0,0,488,705
81.56635226,patches/EMOTIC__gafygi86x8rogi4mfb.jpg,320,172,1,149,173,469,71.68488177,240,129,116,456,245,696,69.46210785,160,86,172,22,258,182,83.03920232,voc_emotic_ava/EMOTIC__gafygi86x8rogi4mfb.jpg,800,430,0,0,430,800
71.88725597,patches/AVA__904522.jpg,320,172,44,478,216,798,68.1891532,240,129,68,145,197,385,65.84901454,160,86,289,337,375,497,72.10666401,voc_emotic_ava/AVA__904522.jpg,800,430,0,0,430,800
73.85349512,patches/EMOTIC__fp97n6xt9xds2hvt56.jpg,320,172,255,137,427,457,73.49288494,240,129,180,547,309,787,60.60548541,160,86,116,408,202,568,71.23278239,voc_emotic_ava/EMOTIC__fp97n6xt9xds2hvt56.jpg,800,430,0,0,430,800
84.63704083,patches/AVA__670560.jpg,287,191,162,16,353,303,76.50409389,215,143,64,235,207,450,75.2774645,143,95,182,382,277,525,81.6463202,voc_emotic_ava/AVA__670560.jpg,718,479,0,0,479,718
73.06694811,patches/AVA__871558.jpg,309,177,195,69,372,378,77.71707035,232,133,27,290,160,522,58.84611116,154,88,125,612,213,766,73.53507378,voc_emotic_ava/AVA__871558.jpg,774,444,0,0,444,774
74.16335306,patches/AVA__564430.jpg,288,190,261,32,451,320,56.04954582,216,143,21,67,164,283,72.81795329,144,95,314,505,409,649,68.48911582,voc_emotic_ava/AVA__564430.jpg,720,477,0,0,477,720
78.8160164,patches/AVA__832617.jpg,288,190,36,356,226,644,82.61131863,216,143,330,153,473,369,71.13783628,144,95,265,506,360,650,79.58894455,voc_emotic_ava/AVA__832617.jpg,720,477,0,0,477,720
77.46673824,patches/AVA__767221.jpg,288,190,168,269,358,557,68.57526011,216,143,37,464,180,680,75.61244476,144,95,100,140,195,284,79.52704883,voc_emotic_ava/AVA__767221.jpg,720,477,0,0,477,720
62.89688013,patches/AVA__317483.jpg,288,190,279,382,469,670,59.79057345,216,143,62,59,205,275,48.75226164,144,95,251,119,346,263,66.08734532,voc_emotic_ava/AVA__317483.jpg,720,477,0,0,477,720
75.19089144,patches/AVA__766605.jpg,288,190,210,130,400,418,70.33652067,216,143,131,304,274,520,48.10448671,144,95,339,502,434,646,74.5176134,voc_emotic_ava/AVA__766605.jpg,720,477,0,0,477,720
89.65567941,patches/AVA__730229.jpg,288,190,9,338,199,626,79.16494566,216,143,183,379,326,595,75.12562205,144,95,263,562,358,706,74.57038296,voc_emotic_ava/AVA__730229.jpg,720,477,0,0,477,720
82.80715878,patches/AVA__666098.jpg,288,190,144,274,334,562,77.30328812,216,142,245,56,387,272,75.59898997,144,95,58,79,153,223,66.74901214,voc_emotic_ava/AVA__666098.jpg,720,476,0,0,476,720
77.76244748,patches/AVA__745603.jpg,288,190,242,238,432,526,80.99346717,216,142,26,35,168,251,77.59836162,144,95,88,263,183,407,63.53368192,voc_emotic_ava/AVA__745603.jpg,720,476,0,0,476,720
81.06135421,patches/AVA__676203.jpg,288,190,257,353,447,641,69.83668629,216,142,17,173,159,389,49.69858184,144,95,12,575,107,719,74.10688206,voc_emotic_ava/AVA__676203.jpg,720,476,0,0,476,720
78.01214477,patches/AVA__810327.jpg,288,190,234,372,424,660,85.06106858,216,142,10,149,152,365,84.21096904,144,95,159,236,254,380,78.5901251,voc_emotic_ava/AVA__810327.jpg,720,475,0,0,475,720
75.13526416,patches/AVA__946132.jpg,300,182,182,210,364,510,69.01647687,225,136,31,350,167,575,68.52914119,150,91,112,26,203,176,68.33419949,voc_emotic_ava/AVA__946132.jpg,750,456,0,0,456,750
78.68470846,patches/AVA__336224.jpg,280,195,51,420,246,700,78.50696505,210,146,225,296,371,506,69.94677951,140,97,345,554,442,694,73.73324251,voc_emotic_ava/AVA__336224.jpg,700,488,0,0,488,700
80.31431792,patches/EMOTIC__3oabfcmbhoo7ve48if.jpg,288,189,153,29,342,317,82.41396875,216,142,84,335,226,551,80.39800904,144,94,12,303,106,447,74.28635842,voc_emotic_ava/EMOTIC__3oabfcmbhoo7ve48if.jpg,720,474,0,0,474,720
45.2376144,patches/AVA__676201.jpg,288,189,60,38,249,326,67.68019462,216,142,231,199,373,415,58.31974673,144,94,199,391,293,535,58.0859336,voc_emotic_ava/AVA__676201.jpg,720,474,0,0,474,720
79.19664932,patches/AVA__779719.jpg,286,190,99,113,289,399,79.18079984,214,143,225,485,368,699,52.68709101,143,95,18,524,113,667,64.21395804,voc_emotic_ava/AVA__779719.jpg,715,477,0,0,477,715
62.651563,patches/AVA__854972.jpg,194,280,45,17,325,211,61.75393839,146,210,353,207,563,353,66.52240893,97,140,511,289,651,386,59.69657718,voc_emotic_ava/AVA__854972.jpg,487,700,0,0,700,487
84.9502316,patches/AVA__897521.jpg,320,170,158,129,328,449,77.93187843,240,127,245,466,372,706,74.32835139,160,85,60,388,145,548,70.75641481,voc_emotic_ava/AVA__897521.jpg,800,426,0,0,426,800
64.80054837,patches/AVA__754345.jpg,286,190,37,409,227,695,75.21364145,214,142,266,289,408,503,53.16290248,143,95,0,122,95,265,64.37959065,voc_emotic_ava/AVA__754345.jpg,715,475,0,0,475,715
70.13996842,patches/AVA__504572.jpg,288,188,4,197,192,485,83.89772177,216,141,227,47,368,263,67.48905976,144,94,63,11,157,155,78.11266416,voc_emotic_ava/AVA__504572.jpg,720,471,0,0,471,720
72.15514819,patches/AVA__799061.jpg,196,276,366,103,642,299,69.25544251,147,207,440,286,647,433,67.06598438,98,138,57,295,195,393,67.64854113,voc_emotic_ava/AVA__799061.jpg,490,692,0,0,692,490
86.5029283,patches/AVA__871604.jpg,193,280,42,160,322,353,69.450546,145,210,442,195,652,340,73.05015419,96,140,144,52,284,148,69.68687874,voc_emotic_ava/AVA__871604.jpg,484,700,0,0,700,484
65.95666884,patches/AVA__915993.jpg,285,190,245,384,435,669,53.20461931,213,142,333,69,475,282,71.21765469,142,95,334,272,429,414,69.52712523,voc_emotic_ava/AVA__915993.jpg,713,475,0,0,475,713
82.37778193,patches/AVA__750493.jpg,285,189,175,325,364,610,74.59519344,214,142,317,131,459,345,74.58753005,142,94,142,53,236,195,71.04194626,voc_emotic_ava/AVA__750493.jpg,714,474,0,0,474,714
72.00751296,patches/AVA__579889.jpg,288,188,15,430,203,718,66.65992585,216,141,234,456,375,672,64.60158333,144,94,325,215,419,359,69.09721703,voc_emotic_ava/AVA__579889.jpg,720,470,0,0,470,720
55.24713214,patches/AVA__787794.jpg,288,188,278,21,466,309,75.3749752,216,141,141,290,282,506,81.56901698,144,94,202,141,296,285,73.45710697,voc_emotic_ava/AVA__787794.jpg,720,470,0,0,470,720
57.86931736,patches/AVA__788144.jpg,288,187,192,402,379,690,58.92817489,216,140,148,33,288,249,51.92391094,144,93,101,554,194,698,61.3465406,voc_emotic_ava/AVA__788144.jpg,720,469,0,0,469,720
74.28605717,patches/AVA__777114.jpg,288,187,251,151,438,439,73.55711131,216,140,21,227,161,443,74.70035049,144,93,1,480,94,624,78.03445609,voc_emotic_ava/AVA__777114.jpg,720,469,0,0,469,720
77.7974487,patches/AVA__727160.jpg,284,189,276,309,465,593,75.93119431,213,142,92,483,234,696,80.44331568,142,94,167,178,261,320,82.56907923,voc_emotic_ava/AVA__727160.jpg,711,474,0,0,474,711
73.51362832,patches/AVA__787695.jpg,201,268,265,96,533,297,67.53008384,150,201,129,60,330,210,65.56030405,100,134,108,229,242,329,63.50493934,voc_emotic_ava/AVA__787695.jpg,503,670,0,0,670,503
80.20434573,patches/AVA__773226.jpg,288,187,109,205,296,493,76.19249963,216,140,263,149,403,365,78.1419235,144,93,294,526,387,670,76.04751806,voc_emotic_ava/AVA__773226.jpg,720,468,0,0,468,720
76.89974385,patches/AVA__500139.jpg,288,187,48,204,235,492,73.42919984,216,140,283,474,423,690,70.82096139,144,93,276,79,369,223,63.80280327,voc_emotic_ava/AVA__500139.jpg,720,468,0,0,468,720
79.13815793,patches/AVA__777237.jpg,288,187,163,379,350,667,74.21758276,216,140,63,191,203,407,75.87926432,144,93,293,129,386,273,77.37645874,voc_emotic_ava/AVA__777237.jpg,720,468,0,0,468,720
78.30444864,patches/AVA__781738.jpg,288,187,202,280,389,568,76.80951308,216,140,288,64,428,280,71.9084399,144,93,272,533,365,677,68.1478432,voc_emotic_ava/AVA__781738.jpg,720,468,0,0,468,720
79.3679873,patches/AVA__843257.jpg,320,168,34,99,202,419,77.57237977,240,126,46,375,172,615,73.78468797,160,84,179,422,263,582,79.67978979,voc_emotic_ava/AVA__843257.jpg,800,421,0,0,421,800
85.44674508,patches/AVA__712123.jpg,280,192,166,125,358,405,76.12115664,210,144,9,420,153,630,78.25459723,140,96,248,429,344,569,83.89324035,voc_emotic_ava/AVA__712123.jpg,700,481,0,0,481,700
68.45910756,patches/AVA__761325.jpg,280,192,100,375,292,655,63.11583588,210,144,311,133,455,343,66.69519663,140,96,62,52,158,192,80.87940816,voc_emotic_ava/AVA__761325.jpg,700,481,0,0,481,700
81.18650643,patches/AVA__634788.jpg,288,186,116,137,302,425,64.57116577,216,140,229,327,369,543,77.32345401,144,93,26,3,119,147,76.21503918,voc_emotic_ava/AVA__634788.jpg,720,467,0,0,467,720
79.89986727,patches/AVA__663637.jpg,192,280,133,170,413,362,60.9811139,144,210,317,59,527,203,71.23629327,96,140,468,206,608,302,69.83724114,voc_emotic_ava/AVA__663637.jpg,480,700,0,0,700,480
84.00875514,patches/AVA__803235.jpg,288,186,26,81,212,369,77.15788655,216,139,139,341,278,557,64.1213344,144,93,354,481,447,625,72.29587495,voc_emotic_ava/AVA__803235.jpg,720,466,0,0,466,720
82.71241609,patches/AVA__386438.jpg,288,186,231,25,417,313,77.35681415,216,139,245,323,384,539,76.5058277,144,93,244,522,337,666,77.64149554,voc_emotic_ava/AVA__386438.jpg,720,466,0,0,466,720
79.5440081,patches/AVA__755269.jpg,288,186,159,261,345,549,78.34461819,216,139,301,182,440,398,71.83795437,144,93,371,21,464,165,73.94734982,voc_emotic_ava/AVA__755269.jpg,720,466,0,0,466,720
80.25375831,patches/AVA__685312.jpg,288,186,15,185,201,473,70.02631044,216,139,171,299,310,515,77.35703262,144,93,18,32,111,176,78.77396545,voc_emotic_ava/AVA__685312.jpg,720,465,0,0,465,720
80.59523952,patches/AVA__775712.jpg,288,186,190,62,376,350,72.65154731,216,139,187,448,326,664,72.2217058,144,93,52,68,145,212,72.28857927,voc_emotic_ava/AVA__775712.jpg,720,465,0,0,465,720
75.53915415,patches/AVA__956119.jpg,206,260,369,34,629,240,57.60026611,154,195,200,1,395,155,55.52574221,103,130,130,278,260,381,70.23690005,voc_emotic_ava/AVA__956119.jpg,515,650,0,0,650,515
76.36503936,patches/AVA__828307.jpg,192,278,291,113,569,305,87.0965746,144,209,271,296,480,440,65.52023045,96,139,135,196,274,292,72.17579036,voc_emotic_ava/AVA__828307.jpg,480,697,0,0,697,480
79.51598953,patches/AVA__704133.jpg,287,186,236,276,422,563,72.21950637,215,139,15,447,154,662,78.08468389,143,93,169,459,262,602,77.51524633,voc_emotic_ava/AVA__704133.jpg,719,465,0,0,465,719
75.02812819,patches/AVA__564222.jpg,288,185,258,212,443,500,67.64977712,216,139,4,335,143,551,69.97744565,144,92,272,3,364,147,77.2934764,voc_emotic_ava/AVA__564222.jpg,720,464,0,0,464,720
81.2223557,patches/AVA__398052.jpg,288,185,53,3,238,291,83.40552085,216,139,325,411,464,627,76.23387893,144,92,285,316,377,460,70.17595628,voc_emotic_ava/AVA__398052.jpg,720,464,0,0,464,720
75.77794395,patches/AVA__333542.jpg,288,185,232,225,417,513,75.75862792,216,139,325,477,464,693,73.31350345,144,92,110,18,202,162,78.31863715,voc_emotic_ava/AVA__333542.jpg,720,464,0,0,464,720
72.88208194,patches/AVA__747184.jpg,262,203,207,142,410,404,68.77691254,196,152,185,388,337,584,62.04551264,131,101,181,2,282,133,66.87620237,voc_emotic_ava/AVA__747184.jpg,656,509,0,0,509,656
79.79236799,patches/AVA__667175.jpg,284,188,212,109,400,393,76.12164762,213,141,44,364,185,577,75.74851924,142,94,362,396,456,538,67.83387296,voc_emotic_ava/AVA__667175.jpg,710,470,0,0,470,710
82.91160718,patches/AVA__631552.jpg,287,185,222,9,407,296,73.11328755,215,139,102,297,241,512,51.90140204,143,92,280,328,372,471,77.5432059,voc_emotic_ava/AVA__631552.jpg,719,464,0,0,464,719
77.02724543,patches/AVA__910376.jpg,266,200,232,17,432,283,77.89568303,200,150,232,392,382,592,66.18893881,133,100,13,4,113,137,78.76820315,voc_emotic_ava/AVA__910376.jpg,667,500,0,0,500,667
81.79315171,patches/AVA__849655.jpg,205,260,145,23,405,228,72.0380623,153,195,96,215,291,368,53.1724146,102,130,182,377,312,479,68.18712478,voc_emotic_ava/AVA__849655.jpg,513,650,0,0,650,513
59.11813371,patches/AVA__789855.jpg,288,185,90,212,275,500,65.93248596,216,138,262,179,400,395,73.97394508,144,92,257,528,349,672,68.96780171,voc_emotic_ava/AVA__789855.jpg,720,463,0,0,463,720
76.03046401,patches/AVA__812896.jpg,288,185,246,399,431,687,68.80034194,216,138,75,332,213,548,52.89389785,144,92,76,545,168,689,89.65713511,voc_emotic_ava/AVA__812896.jpg,720,463,0,0,463,720
69.87954483,patches/EMOTIC__awate7vkhzp17scdaj.jpg,266,200,241,216,441,482,70.52823381,199,150,335,427,485,626,76.19848838,133,100,39,334,139,467,74.15864605,voc_emotic_ava/EMOTIC__awate7vkhzp17scdaj.jpg,666,500,0,0,500,666
74.41822825,patches/AVA__716627.jpg,288,184,199,212,383,500,78.35586863,216,138,94,464,232,680,79.60348153,144,92,133,0,225,144,70.59202847,voc_emotic_ava/AVA__716627.jpg,720,462,0,0,462,720
72.37436049,patches/AVA__802127.jpg,268,198,2,169,200,437,66.24980048,201,148,164,83,312,284,56.54560176,134,99,390,415,489,549,71.45476394,voc_emotic_ava/AVA__802127.jpg,672,495,0,0,495,672
82.92609536,patches/AVA__649659.jpg,280,190,128,55,318,335,84.78832257,210,142,86,342,228,552,79.16950804,140,95,54,152,149,292,72.30548524,voc_emotic_ava/AVA__649659.jpg,700,475,0,0,475,700
69.51422364,patches/AVA__661402.jpg,190,280,18,111,298,301,69.96431257,142,210,410,303,620,445,69.61244401,95,140,368,107,508,202,66.6922466,voc_emotic_ava/AVA__661402.jpg,475,700,0,0,700,475
69.78284601,patches/AVA__745502.jpg,288,184,112,33,296,321,83.34319878,216,138,230,381,368,597,69.87918835,144,92,171,322,263,466,71.11355485,voc_emotic_ava/AVA__745502.jpg,720,460,0,0,460,720
70.10041152,patches/AVA__840801.jpg,320,165,125,413,290,733,72.04638489,240,124,17,5,141,245,69.85720838,160,82,40,477,122,637,71.08040935,voc_emotic_ava/AVA__840801.jpg,800,414,0,0,414,800
86.23967083,patches/AVA__677404.jpg,288,184,44,42,228,330,69.2788182,216,138,189,267,327,483,55.27813794,144,92,183,548,275,692,79.74279649,voc_emotic_ava/AVA__677404.jpg,720,460,0,0,460,720
81.75583244,patches/AVA__864616.jpg,320,165,183,424,348,744,76.20056845,240,124,173,66,297,306,53.72646374,160,82,325,268,407,428,69.86557145,voc_emotic_ava/AVA__864616.jpg,800,414,0,0,414,800
70.07811611,patches/AVA__802756.jpg,288,184,110,423,294,711,68.28296998,216,138,297,450,435,666,69.41473273,144,92,211,168,303,312,69.88360923,voc_emotic_ava/AVA__802756.jpg,720,460,0,0,460,720
70.00557281,patches/AVA__756797.jpg,288,184,17,26,201,314,78.83569715,216,138,216,79,354,295,49.54781421,144,92,66,361,158,505,63.2446559,voc_emotic_ava/AVA__756797.jpg,720,460,0,0,460,720
92.82557448,patches/EMOTIC__8qtqjoduto48wtxghi.jpg,288,184,136,123,320,411,68.66382897,216,138,319,363,457,579,65.44185119,144,92,305,161,397,305,71.73103498,voc_emotic_ava/EMOTIC__8qtqjoduto48wtxghi.jpg,720,460,0,0,460,720
76.96017558,patches/AVA__388349.jpg,288,183,257,257,440,545,73.23713974,216,137,138,190,275,406,77.97265772,144,91,85,449,176,593,78.55910655,voc_emotic_ava/AVA__388349.jpg,720,459,0,0,459,720
73.15480059,patches/AVA__880228.jpg,320,165,140,53,305,373,71.6563446,240,123,185,361,308,601,70.21870419,160,82,87,562,169,722,72.08866929,voc_emotic_ava/AVA__880228.jpg,800,413,0,0,413,800
77.0849811,patches/AVA__895741.jpg,281,187,47,380,234,661,84.11310525,211,140,141,20,281,231,68.95124993,140,93,277,304,370,444,73.97860392,voc_emotic_ava/AVA__895741.jpg,704,469,0,0,469,704
74.59872136,patches/AVA__690998.jpg,188,280,218,67,498,255,74.46794199,141,210,29,39,239,180,67.84772883,94,140,521,73,661,167,71.84569195,voc_emotic_ava/AVA__690998.jpg,471,700,0,0,700,471
76.87760755,patches/AVA__737913.jpg,288,182,89,428,271,716,77.79324768,216,137,163,277,300,493,70.48451001,144,91,230,129,321,273,74.39302316,voc_emotic_ava/AVA__737913.jpg,720,457,0,0,457,720
73.93904284,patches/AVA__911890.jpg,187,280,239,34,519,221,65.39978818,140,210,62,34,272,174,67.96763258,93,140,505,166,645,259,63.38093111,voc_emotic_ava/AVA__911890.jpg,469,700,0,0,700,469
80.43751267,patches/AVA__933118.jpg,187,280,75,279,355,466,81.53219845,140,210,354,69,564,209,71.78362719,93,140,177,151,317,244,70.70752062,voc_emotic_ava/AVA__933118.jpg,469,700,0,0,700,469
71.10016821,patches/AVA__841052.jpg,320,164,175,39,339,359,65.40602563,240,123,207,450,330,690,71.03655716,160,82,103,157,185,317,66.4199465,voc_emotic_ava/AVA__841052.jpg,800,410,0,0,410,800
67.1435359,patches/AVA__874525.jpg,320,164,77,401,241,721,75.93265639,240,123,260,314,383,554,68.10507605,160,82,1,497,83,657,67.42392846,voc_emotic_ava/AVA__874525.jpg,800,410,0,0,410,800
72.12562583,patches/AVA__909363.jpg,320,164,132,5,296,325,71.32357383,240,123,72,464,195,704,59.0113981,160,82,322,22,404,182,69.650942,voc_emotic_ava/AVA__909363.jpg,800,410,0,0,410,800
72.43227364,patches/AVA__821025.jpg,198,264,309,279,573,477,81.87524926,148,198,134,257,332,405,70.3484194,99,132,30,326,162,425,79.61486785,voc_emotic_ava/AVA__821025.jpg,496,661,0,0,661,496
81.39392428,patches/AVA__894844.jpg,260,201,141,2,342,262,76.6597061,195,151,188,234,339,429,78.70261787,130,100,9,381,109,511,73.28512111,voc_emotic_ava/AVA__894844.jpg,650,504,0,0,504,650
74.76944255,patches/EMOTIC__4pj88eyzppp7pwd8uy.jpg,280,187,197,316,384,596,75.18402959,210,140,107,487,247,697,66.50954285,140,93,112,14,205,154,75.03444038,voc_emotic_ava/EMOTIC__4pj88eyzppp7pwd8uy.jpg,700,468,0,0,468,700
68.38671101,patches/AVA__766641.jpg,280,187,89,8,276,288,65.02735808,210,140,303,290,443,500,72.1538015,140,93,359,123,452,263,82.26023572,voc_emotic_ava/AVA__766641.jpg,700,468,0,0,468,700
75.08073596,patches/AVA__794995.jpg,191,273,304,248,577,439,77.16328975,143,204,28,10,232,153,70.72782008,95,136,243,87,379,182,76.46100634,voc_emotic_ava/AVA__794995.jpg,479,683,0,0,683,479
69.64175958,patches/AVA__863336.jpg,280,186,39,194,225,474,77.69058207,210,140,186,442,326,652,68.85103698,140,93,270,97,363,237,80.39470317,voc_emotic_ava/AVA__863336.jpg,700,467,0,0,467,700
71.26069366,patches/AVA__903518.jpg,280,186,32,295,218,575,73.07350753,210,140,315,186,455,396,66.24413063,140,93,296,470,389,610,73.05186739,voc_emotic_ava/AVA__903518.jpg,700,467,0,0,467,700
77.28013137,patches/AVA__871237.jpg,186,280,416,224,696,410,74.00483327,140,210,136,301,346,441,73.10729323,93,140,267,182,407,275,69.36115066,voc_emotic_ava/AVA__871237.jpg,467,700,0,0,700,467
77.70571191,patches/AVA__562835.jpg,280,186,211,308,397,588,77.78960511,210,140,106,191,246,401,75.08596184,140,93,228,94,321,234,68.08038936,voc_emotic_ava/AVA__562835.jpg,700,467,0,0,467,700
86.11249825,patches/AVA__776899.jpg,186,280,290,36,570,222,86.60937723,140,210,5,108,215,248,70.34485803,93,140,194,329,334,422,74.21036919,voc_emotic_ava/AVA__776899.jpg,467,700,0,0,700,467
76.88799424,patches/AVA__761455.jpg,280,186,252,351,438,631,80.73577155,210,140,188,211,328,421,72.3563547,140,93,133,453,226,593,78.14787008,voc_emotic_ava/AVA__761455.jpg,700,467,0,0,467,700
73.01147138,patches/AVA__751939.jpg,280,186,182,98,368,378,68.08219428,210,140,18,464,158,674,61.0669013,140,93,264,519,357,659,59.45460389,voc_emotic_ava/AVA__751939.jpg,700,467,0,0,467,700
79.87389708,patches/EMOTIC__0pi76encopun7rt7m6.jpg,280,186,49,112,235,392,76.00008159,210,140,106,374,246,584,67.13093011,140,93,271,195,364,335,79.78337392,voc_emotic_ava/EMOTIC__0pi76encopun7rt7m6.jpg,700,467,0,0,467,700
72.5176884,patches/EMOTIC__gn70ulrpfpexrcnzzl.jpg,280,186,88,195,274,475,75.3536802,210,140,230,396,370,606,68.31362385,140,93,1,455,94,595,72.36385791,voc_emotic_ava/EMOTIC__gn70ulrpfpexrcnzzl.jpg,700,467,0,0,467,700
74.63871681,patches/EMOTIC__479dxhm9fqwg6u7wfj.jpg,186,280,265,279,545,465,83.35418445,140,210,64,143,274,283,78.74867,93,140,223,7,363,100,71.89955607,voc_emotic_ava/EMOTIC__479dxhm9fqwg6u7wfj.jpg,467,700,0,0,700,467
77.32199102,patches/EMOTIC__45dyezrw1vufg8pfi3.jpg,280,186,277,378,463,658,74.41793709,210,140,172,444,312,654,63.31245057,140,93,16,258,109,398,81.19364333,voc_emotic_ava/EMOTIC__45dyezrw1vufg8pfi3.jpg,700,467,0,0,467,700
80.23206442,patches/AVA__704494.jpg,280,186,147,315,333,595,74.31618997,210,140,257,164,397,374,75.70843061,140,93,284,32,377,172,82.50587596,voc_emotic_ava/AVA__704494.jpg,700,467,0,0,467,700
79.45689822,patches/AVA__767232.jpg,186,280,271,206,551,392,73.88115556,140,210,225,25,435,165,70.56789042,93,140,53,58,193,151,72.59750017,voc_emotic_ava/AVA__767232.jpg,467,700,0,0,700,467
82.82712923,patches/AVA__690617.jpg,280,186,238,173,424,453,76.77034829,210,140,66,454,206,664,71.86328952,140,93,122,51,215,191,76.96369421,voc_emotic_ava/AVA__690617.jpg,700,467,0,0,467,700
71.10420755,patches/AVA__935352.jpg,280,186,224,48,410,328,77.65720186,210,140,92,317,232,527,68.78935751,140,93,303,552,396,692,72.9866612,voc_emotic_ava/AVA__935352.jpg,700,467,0,0,467,700
74.02490702,patches/AVA__931358.jpg,280,186,134,219,320,499,40.32743505,210,140,50,38,190,248,56.96550968,140,93,170,83,263,223,69.15228576,voc_emotic_ava/AVA__931358.jpg,700,467,0,0,467,700
73.84195301,patches/AVA__909167.jpg,320,163,156,218,319,538,81.19117754,240,122,55,297,177,537,77.25767569,160,81,202,512,283,672,72.96744102,voc_emotic_ava/AVA__909167.jpg,800,408,0,0,408,800
86.59595415,patches/AVA__742847.jpg,186,280,291,173,571,359,72.47371775,139,210,171,64,381,203,70.58656767,93,140,38,288,178,381,78.26203626,voc_emotic_ava/AVA__742847.jpg,466,700,0,0,700,466
76.85800525,patches/EMOTIC__1z9823a5h6p871teqi.jpg,280,186,1,120,187,400,75.61147551,210,139,230,29,369,239,76.81330737,140,93,169,235,262,375,76.682788,voc_emotic_ava/EMOTIC__1z9823a5h6p871teqi.jpg,700,466,0,0,466,700
62.67155644,patches/EMOTIC__sun_aizxjldnwmowjknl.jpg,280,186,139,323,325,603,64.80484085,210,139,8,354,147,564,77.6190248,140,93,111,117,204,257,53.31874173,voc_emotic_ava/EMOTIC__sun_aizxjldnwmowjknl.jpg,700,466,0,0,466,700
68.11067789,patches/AVA__740041.jpg,186,280,1,111,281,297,72.15199919,139,210,415,306,625,445,58.18895549,93,140,457,11,597,104,50.63186804,voc_emotic_ava/AVA__740041.jpg,466,700,0,0,700,466
75.03603891,patches/AVA__684221.jpg,186,280,344,180,624,366,78.1182189,139,210,145,233,355,372,75.14305163,93,140,478,347,618,440,70.58301606,voc_emotic_ava/AVA__684221.jpg,466,700,0,0,700,466
74.50673115,patches/AVA__828111.jpg,288,181,49,128,230,416,75.69734109,216,135,133,419,268,635,69.45414157,144,90,350,483,440,627,79.64829508,voc_emotic_ava/AVA__828111.jpg,720,453,0,0,453,720
79.4126666,patches/AVA__886164.jpg,320,162,111,175,273,495,58.71170208,240,122,247,286,369,526,71.66742251,160,81,249,6,330,166,67.91190683,voc_emotic_ava/AVA__886164.jpg,800,407,0,0,407,800
74.06030648,patches/AVA__403003.jpg,280,186,0,281,186,561,67.95566138,210,139,193,321,332,531,62.98576915,140,93,209,505,302,645,73.73138399,voc_emotic_ava/AVA__403003.jpg,700,465,0,0,465,700
75.90739031,patches/AVA__543990.jpg,288,180,63,341,243,629,82.08403251,216,135,32,162,167,378,73.82013835,144,90,252,509,342,653,76.1779973,voc_emotic_ava/AVA__543990.jpg,720,452,0,0,452,720
80.44387819,patches/AVA__451911.jpg,282,184,17,220,201,502,72.06362687,212,138,302,233,440,445,64.13353633,141,92,259,507,351,648,76.34757183,voc_emotic_ava/AVA__451911.jpg,707,460,0,0,460,707
69.9214771,patches/AVA__756031.jpg,200,260,1,38,261,238,82.21230245,150,195,111,236,306,386,70.39576288,100,130,480,226,610,326,74.11208263,voc_emotic_ava/AVA__756031.jpg,500,650,0,0,650,500
73.93489876,patches/AVA__455725.jpg,280,185,269,161,454,441,73.92397701,210,139,162,246,301,456,74.28645723,140,92,360,40,452,180,74.99316683,voc_emotic_ava/AVA__455725.jpg,700,464,0,0,464,700
76.7754482,patches/AVA__809394.jpg,280,185,249,118,434,398,71.4130718,210,139,91,338,230,548,62.56967482,140,92,22,397,114,537,83.70209617,voc_emotic_ava/AVA__809394.jpg,700,464,0,0,464,700
68.39147881,patches/AVA__732136.jpg,288,180,180,328,360,616,63.42288723,216,135,32,426,167,642,74.70699852,144,90,90,133,180,277,70.03657752,voc_emotic_ava/AVA__732136.jpg,720,451,0,0,451,720
53.7701195,patches/AVA__734696.jpg,288,180,226,387,406,675,72.356268,216,135,299,47,434,263,74.6926528,144,90,100,442,190,586,83.00023705,voc_emotic_ava/AVA__734696.jpg,720,451,0,0,451,720
79.3033298,patches/AVA__673445.jpg,288,180,57,147,237,435,78.44414635,216,135,172,441,307,657,74.43138699,144,90,17,48,107,192,78.73367952,voc_emotic_ava/AVA__673445.jpg,720,451,0,0,451,720
72.73797236,patches/AVA__847989.jpg,276,188,157,32,345,308,79.98546817,207,141,260,443,401,650,70.8365613,138,94,191,317,285,455,76.64058991,voc_emotic_ava/AVA__847989.jpg,690,470,0,0,470,690
77.31893694,patches/EMOTIC__sun_aufdvpbsyfromtaq.jpg,280,185,170,108,355,388,69.75966674,210,138,43,110,181,320,75.31646787,140,92,308,454,400,594,72.61566486,voc_emotic_ava/EMOTIC__sun_aufdvpbsyfromtaq.jpg,700,463,0,0,463,700
71.26808803,patches/AVA__770915.jpg,288,180,69,376,249,664,69.67165933,216,135,213,343,348,559,76.81022876,144,90,68,49,158,193,71.2758018,voc_emotic_ava/AVA__770915.jpg,720,450,0,0,450,720
84.84039194,patches/AVA__806211.jpg,288,180,101,170,281,458,37.97580241,216,135,86,504,221,720,54.27224813,144,90,223,53,313,197,76.36849075,voc_emotic_ava/AVA__806211.jpg,720,450,0,0,450,720
76.90019508,patches/EMOTIC__sun_ahpkaqdrwkoogmip.jpg,262,197,229,314,426,576,78.41942115,197,147,206,109,353,306,74.69762965,131,98,112,395,210,526,75.09981755,voc_emotic_ava/EMOTIC__sun_ahpkaqdrwkoogmip.jpg,657,493,0,0,493,657
73.15504063,patches/AVA__658765.jpg,288,179,214,386,393,674,74.12499572,216,134,314,75,448,291,68.36196594,144,89,198,137,287,281,67.90086081,voc_emotic_ava/AVA__658765.jpg,720,449,0,0,449,720
74.43698503,patches/AVA__735834.jpg,288,179,47,408,226,696,67.7079534,216,134,118,9,252,225,82.25663228,144,89,222,514,311,658,82.96623638,voc_emotic_ava/AVA__735834.jpg,720,449,0,0,449,720
75.85219852,patches/AVA__942253.jpg,320,161,119,170,280,490,70.11265336,240,121,130,519,251,759,67.6715405,160,80,66,610,146,770,75.46883982,voc_emotic_ava/AVA__942253.jpg,800,404,0,0,404,800
76.07025396,patches/AVA__573425.jpg,288,179,42,225,221,513,59.55410835,216,134,65,23,199,239,77.00486467,144,89,327,412,416,556,72.88150374,voc_emotic_ava/AVA__573425.jpg,720,448,0,0,448,720
75.94114093,patches/AVA__635869.jpg,288,179,133,92,312,380,76.46002315,216,134,312,395,446,611,75.20244608,144,89,60,64,149,208,68.80164977,voc_emotic_ava/AVA__635869.jpg,720,448,0,0,448,720
79.24230052,patches/AVA__658487.jpg,288,179,51,78,230,366,80.03105996,216,134,190,415,324,631,75.47954203,144,89,241,30,330,174,80.4618817,voc_emotic_ava/AVA__658487.jpg,720,448,0,0,448,720
76.68791679,patches/AVA__943455.jpg,320,161,111,50,272,370,74.37619241,240,120,29,279,149,519,76.78964226,160,80,188,414,268,574,57.48743976,voc_emotic_ava/AVA__943455.jpg,800,403,0,0,403,800
75.54101149,patches/AVA__648217.jpg,268,191,18,232,209,500,71.72282011,201,143,133,6,276,207,77.86261617,134,95,264,434,359,568,74.93432284,voc_emotic_ava/AVA__648217.jpg,672,479,0,0,479,672
64.79962035,patches/AVA__746854.jpg,288,178,189,180,367,468,76.38256987,216,134,283,410,417,626,60.15490865,144,89,63,242,152,386,67.86188792,voc_emotic_ava/AVA__746854.jpg,720,447,0,0,447,720
68.19836753,patches/AVA__758597.jpg,288,178,43,50,221,338,74.60239962,216,134,214,399,348,615,71.06204271,144,89,214,109,303,253,80.74524208,voc_emotic_ava/AVA__758597.jpg,720,447,0,0,447,720
73.71219074,patches/AVA__757408.jpg,285,179,111,100,290,385,68.04055838,214,134,249,8,383,222,69.62188141,142,89,313,415,402,557,72.26153966,voc_emotic_ava/AVA__757408.jpg,714,449,0,0,449,714
75.92391513,patches/AVA__767591.jpg,191,267,214,27,481,218,46.75308827,143,200,465,272,665,415,65.73727077,95,133,80,48,213,143,61.42906251,voc_emotic_ava/AVA__767591.jpg,479,669,0,0,669,479
82.24361091,patches/EMOTIC__15rtpn8e0u5andeen4.jpg,320,160,214,256,374,576,74.27582513,240,120,47,24,167,264,73.77394065,160,80,54,636,134,796,80.44224755,voc_emotic_ava/EMOTIC__15rtpn8e0u5andeen4.jpg,800,400,0,0,400,800
68.43814258,patches/EMOTIC__1alwrd9fhen3ublu2g.jpg,320,160,174,88,334,408,58.93683487,240,120,24,15,144,255,48.46123223,160,80,228,585,308,745,54.2765108,voc_emotic_ava/EMOTIC__1alwrd9fhen3ublu2g.jpg,800,400,0,0,400,800
83.15100801,patches/AVA__918741.jpg,320,160,217,413,377,733,83.64605669,240,120,269,221,389,461,81.95987634,160,80,61,14,141,174,76.86085747,voc_emotic_ava/AVA__918741.jpg,800,400,0,0,400,800
84.11292432,patches/EMOTIC__1sg70s2ga50um0cnix.jpg,320,160,121,301,281,621,63.23319773,240,120,247,15,367,255,78.33531219,160,80,84,210,164,370,77.58563532,voc_emotic_ava/EMOTIC__1sg70s2ga50um0cnix.jpg,800,400,0,0,400,800
84.99025301,patches/AVA__879564.jpg,320,160,181,458,341,778,76.04232976,240,120,198,106,318,346,74.92883466,160,80,17,44,97,204,80.29839963,voc_emotic_ava/AVA__879564.jpg,800,400,0,0,400,800
65.18722237,patches/AVA__683880.jpg,182,280,52,151,332,333,71.49153514,137,210,483,181,693,318,63.36228403,91,140,353,265,493,356,69.53041839,voc_emotic_ava/AVA__683880.jpg,457,700,0,0,700,457
72.84981689,patches/AVA__771797.jpg,288,177,236,273,413,561,72.00127121,216,133,145,155,278,371,51.67124701,144,88,122,519,210,663,67.20254814,voc_emotic_ava/AVA__771797.jpg,720,444,0,0,444,720
81.73062896,patches/AVA__705377.jpg,280,182,273,243,455,523,81.4226108,210,136,214,433,350,643,73.71930997,140,91,64,110,155,250,75.39635534,voc_emotic_ava/AVA__705377.jpg,700,456,0,0,456,700
78.37201855,patches/AVA__633106.jpg,288,177,253,343,430,631,81.75939691,216,132,91,225,223,441,76.1715896,144,88,239,94,327,238,77.72128448,voc_emotic_ava/AVA__633106.jpg,720,443,0,0,443,720
71.54182009,patches/AVA__788466.jpg,276,184,51,65,235,341,68.50568044,207,138,169,345,307,552,65.02586544,138,92,95,426,187,564,71.37842941,voc_emotic_ava/AVA__788466.jpg,691,461,0,0,461,691
75.78067538,patches/AVA__849606.jpg,182,280,268,32,548,214,46.66347252,136,210,61,269,271,405,56.75633338,91,140,19,52,159,143,56.14111041,voc_emotic_ava/AVA__849606.jpg,455,700,0,0,700,455
81.88648453,patches/AVA__642111.jpg,288,176,7,215,183,503,85.72398628,216,132,169,156,301,372,71.02056108,144,88,341,250,429,394,73.89704954,voc_emotic_ava/AVA__642111.jpg,720,442,0,0,442,720
68.62119957,patches/AVA__787554.jpg,288,176,209,147,385,435,41.53928537,216,132,17,46,149,262,64.26370004,144,88,345,514,433,658,70.85110012,voc_emotic_ava/AVA__787554.jpg,720,442,0,0,442,720
67.53362818,patches/AVA__935015.jpg,260,195,82,106,277,366,69.28225336,195,146,324,437,470,632,62.32425712,130,97,319,329,416,459,63.72324129,voc_emotic_ava/AVA__935015.jpg,650,488,0,0,488,650
78.73605835,patches/AVA__832283.jpg,280,181,82,125,263,405,81.67545599,210,135,213,389,348,599,72.32276579,140,90,2,533,92,673,77.1930886,voc_emotic_ava/AVA__832283.jpg,700,453,0,0,453,700
62.19570165,patches/AVA__921398.jpg,320,158,90,57,248,377,70.5674291,240,118,201,406,319,646,65.72082695,160,79,256,145,335,305,71.05896318,voc_emotic_ava/AVA__921398.jpg,800,396,0,0,396,800
78.67156994,patches/EMOTIC__1gl1h5uscdnm0lpkp8.jpg,268,188,42,347,230,615,74.04871945,201,141,202,421,343,622,64.6463513,134,94,180,233,274,367,71.02686498,voc_emotic_ava/EMOTIC__1gl1h5uscdnm0lpkp8.jpg,672,471,0,0,471,672
77.88540016,patches/EMOTIC__bmi6pq1e7rnpn9ctpa.jpg,300,168,157,445,325,745,71.61322911,225,126,85,94,211,319,74.87610192,150,84,169,284,253,434,72.49012644,voc_emotic_ava/EMOTIC__bmi6pq1e7rnpn9ctpa.jpg,750,422,0,0,422,750
84.08280707,patches/EMOTIC__b7zgc6cw8ma9xmhinn.jpg,300,168,189,130,357,430,76.46334161,225,126,43,68,169,293,70.80710725,150,84,46,257,130,407,80.4321944,voc_emotic_ava/EMOTIC__b7zgc6cw8ma9xmhinn.jpg,750,422,0,0,422,750
79.6132767,patches/AVA__820748.jpg,288,175,190,59,365,347,78.89714891,216,131,167,387,298,603,72.9749966,144,87,24,87,111,231,70.12007868,voc_emotic_ava/AVA__820748.jpg,720,439,0,0,439,720
78.52299799,patches/EMOTIC__do0weqrdtm52uds0cr.jpg,280,180,5,146,185,426,51.57303822,210,135,68,413,203,623,71.96942738,140,90,187,12,277,152,69.15008574,voc_emotic_ava/EMOTIC__do0weqrdtm52uds0cr.jpg,702,450,0,0,450,702
67.49281951,patches/AVA__723055.jpg,280,180,245,60,425,340,76.66933105,210,135,76,419,211,629,67.27511752,140,90,314,491,404,631,73.60120254,voc_emotic_ava/AVA__723055.jpg,700,451,0,0,451,700
82.35904965,patches/AVA__873862.jpg,318,158,68,347,226,665,78.63128762,238,118,72,133,190,371,70.29362031,159,79,206,154,285,313,71.4602584,voc_emotic_ava/AVA__873862.jpg,796,396,0,0,396,796
69.93680752,patches/EMOTIC__c5ra2t6vtqj1dgiynk.jpg,259,194,265,36,459,295,83.58063429,194,145,265,363,410,557,74.09138803,129,97,83,113,180,242,83.56636081,voc_emotic_ava/EMOTIC__c5ra2t6vtqj1dgiynk.jpg,648,486,0,0,486,648
70.61230187,patches/AVA__837008.jpg,280,179,248,235,427,515,72.93601563,210,134,80,269,214,479,66.92323407,140,89,144,446,233,586,67.24658906,voc_emotic_ava/AVA__837008.jpg,700,449,0,0,449,700
71.47267635,patches/AVA__739955.jpg,288,174,227,322,401,610,72.81537176,216,130,75,346,205,562,63.54005456,144,87,78,185,165,329,61.25139514,voc_emotic_ava/AVA__739955.jpg,720,435,0,0,435,720
61.04051641,patches/AVA__819254.jpg,182,274,78,192,352,374,72.73153272,137,205,383,240,588,377,65.53820606,91,137,546,70,683,161,79.43623975,voc_emotic_ava/AVA__819254.jpg,457,685,0,0,685,457
76.23962883,patches/AVA__438310.jpg,180,276,228,202,504,382,78.33974856,135,207,17,225,224,360,69.05876607,90,138,149,88,287,178,72.18128866,voc_emotic_ava/AVA__438310.jpg,452,691,0,0,691,452
78.38305207,patches/AVA__653055.jpg,288,173,149,399,322,687,74.67161625,216,129,1,50,130,266,72.39550662,144,86,166,45,252,189,74.90206528,voc_emotic_ava/AVA__653055.jpg,720,433,0,0,433,720
79.71433408,patches/EMOTIC__eg7hz8x28f71u9f6jf.jpg,265,188,20,35,208,300,74.87451067,198,141,272,222,413,420,75.2941916,132,94,295,475,389,607,72.87656162,voc_emotic_ava/EMOTIC__eg7hz8x28f71u9f6jf.jpg,663,470,0,0,470,663
73.34469329,patches/AVA__855565.jpg,320,155,80,34,235,354,70.2684208,240,116,5,389,121,629,73.15845028,160,77,242,234,319,394,77.76114908,voc_emotic_ava/AVA__855565.jpg,800,389,0,0,389,800
80.96691077,patches/AVA__755035.jpg,288,172,37,99,209,387,81.93272346,216,129,260,328,389,544,80.12248886,144,86,41,412,127,556,72.98070431,voc_emotic_ava/AVA__755035.jpg,720,432,0,0,432,720
72.96909925,patches/AVA__381650.jpg,288,172,137,56,309,344,73.15863396,216,129,104,334,233,550,65.46027199,144,86,278,337,364,481,71.99857652,voc_emotic_ava/AVA__381650.jpg,720,432,0,0,432,720
70.90194768,patches/AVA__788336.jpg,182,272,221,75,493,257,69.91103565,137,204,309,247,513,384,64.52695544,91,136,536,227,672,318,75.90725724,voc_emotic_ava/AVA__788336.jpg,457,680,0,0,680,457
75.82957844,patches/AVA__895628.jpg,272,182,83,226,265,498,76.46045503,204,137,249,127,386,331,73.84734087,136,91,89,487,180,623,69.9003494,voc_emotic_ava/AVA__895628.jpg,680,457,0,0,457,680
75.81283756,patches/AVA__750718.jpg,288,172,17,248,189,536,77.33901772,216,129,184,39,313,255,67.37255523,144,86,80,548,166,692,71.27649224,voc_emotic_ava/AVA__750718.jpg,720,431,0,0,431,720
67.42293291,patches/AVA__698809.jpg,288,172,190,389,362,677,76.96259827,216,129,138,238,267,454,67.33292815,144,86,275,30,361,174,63.70632116,voc_emotic_ava/AVA__698809.jpg,720,431,0,0,431,720
59.2014152,patches/AVA__705320.jpg,288,172,233,47,405,335,65.7686903,216,129,179,372,308,588,44.90248115,144,86,321,543,407,687,61.81810496,voc_emotic_ava/AVA__705320.jpg,720,431,0,0,431,720
68.74099946,patches/AVA__853964.jpg,280,176,108,405,284,685,68.67361539,210,132,129,221,261,431,76.58428631,140,88,115,21,203,161,67.88947225,voc_emotic_ava/AVA__853964.jpg,700,442,0,0,442,700
75.90653816,patches/AVA__880132.jpg,320,154,225,421,379,741,79.72812742,240,115,16,442,131,682,74.86971888,160,77,30,292,107,452,65.64011923,voc_emotic_ava/AVA__880132.jpg,800,386,0,0,386,800
71.83125395,patches/EMOTIC__eobnpcd2vd2bz8q6wu.jpg,272,181,139,373,320,645,65.16651797,204,136,101,209,237,413,58.62897424,136,90,330,157,420,293,72.45094166,voc_emotic_ava/EMOTIC__eobnpcd2vd2bz8q6wu.jpg,680,454,0,0,454,680
77.61410591,patches/AVA__896965.jpg,267,184,74,27,258,294,69.7933928,200,138,20,424,158,624,46.04650311,133,92,236,525,328,658,77.10023747,voc_emotic_ava/AVA__896965.jpg,669,461,0,0,461,669
77.35921736,patches/EMOTIC__dffd0x4aalsu45395f.jpg,272,181,40,8,221,280,73.82125683,204,135,301,247,436,451,66.50431833,136,90,214,117,304,253,75.87282653,voc_emotic_ava/EMOTIC__dffd0x4aalsu45395f.jpg,680,453,0,0,453,680
74.38489547,patches/AVA__919556.jpg,320,153,226,338,379,658,72.52282573,240,115,32,329,147,569,73.50615874,160,76,61,152,137,312,72.0495375,voc_emotic_ava/AVA__919556.jpg,800,384,0,0,384,800
82.8938379,patches/AVA__795530.jpg,288,170,91,89,261,377,80.70512021,216,127,154,330,281,546,72.30860995,144,85,22,324,107,468,79.4888637,voc_emotic_ava/AVA__795530.jpg,720,426,0,0,426,720
75.07478525,patches/AVA__777390.jpg,288,170,15,67,185,355,77.83604459,216,127,117,380,244,596,60.59919784,144,85,261,13,346,157,73.34243975,voc_emotic_ava/AVA__777390.jpg,720,425,0,0,425,720
84.12378874,patches/AVA__789650.jpg,288,170,25,209,195,497,77.10448032,216,127,245,296,372,512,74.63319874,144,85,160,62,245,206,78.75301819,voc_emotic_ava/AVA__789650.jpg,720,425,0,0,425,720
64.23990404,patches/EMOTIC__sun_admfsgiiywubfrqv.jpg,280,174,15,412,189,692,69.52712585,210,130,202,291,332,501,76.63696506,140,87,67,168,154,308,73.66609981,voc_emotic_ava/EMOTIC__sun_admfsgiiywubfrqv.jpg,700,436,0,0,436,700
75.05298841,patches/AVA__785466.jpg,280,173,38,17,211,297,67.59785027,210,130,246,50,376,260,67.70979645,140,86,279,465,365,605,68.17118042,voc_emotic_ava/AVA__785466.jpg,700,434,0,0,434,700
61.23522239,patches/AVA__677510.jpg,272,178,226,211,404,483,76.08687508,204,133,197,422,330,626,73.44843361,136,89,103,63,192,199,72.08028999,voc_emotic_ava/AVA__677510.jpg,680,446,0,0,446,680
65.70384446,patches/AVA__317791.jpg,288,168,188,111,356,399,63.36365704,216,126,127,298,253,514,63.7399968,144,84,72,88,156,232,59.56586415,voc_emotic_ava/AVA__317791.jpg,720,421,0,0,421,720
77.63365942,patches/AVA__844614.jpg,179,269,249,229,518,408,75.92810032,134,202,107,94,309,228,67.00433739,89,134,326,161,460,250,71.86835626,voc_emotic_ava/AVA__844614.jpg,448,674,0,0,674,448
60.46981587,patches/AVA__812718.jpg,185,260,320,269,580,454,68.41002033,139,195,27,292,222,431,59.5103453,92,130,132,116,262,208,51.66671239,voc_emotic_ava/AVA__812718.jpg,464,650,0,0,650,464
82.04081451,patches/AVA__674744.jpg,184,260,117,138,377,322,73.17741879,138,195,312,84,507,222,73.27612482,92,130,512,177,642,269,74.6614949,voc_emotic_ava/AVA__674744.jpg,462,650,0,0,650,462
63.00822612,patches/AVA__757187.jpg,288,166,167,268,333,556,74.9554745,216,125,2,257,127,473,63.59330738,144,83,107,11,190,155,62.44621169,voc_emotic_ava/AVA__757187.jpg,720,417,0,0,417,720
80.27815825,patches/AVA__765344.jpg,288,166,123,245,289,533,74.7638275,216,124,106,82,230,298,75.97960994,144,83,273,147,356,291,74.0901652,voc_emotic_ava/AVA__765344.jpg,720,416,0,0,416,720
74.5437291,patches/AVA__801896.jpg,288,166,45,61,211,349,68.40994073,216,124,8,295,132,511,73.85361616,144,83,171,392,254,536,69.9821718,voc_emotic_ava/AVA__801896.jpg,720,416,0,0,416,720
78.16532897,patches/AVA__893398.jpg,170,280,56,2,336,172,77.80117866,128,210,346,255,556,383,77.24996343,85,140,407,190,547,275,77.86028292,voc_emotic_ava/AVA__893398.jpg,427,700,0,0,700,427
83.58075429,patches/AVA__559545.jpg,258,184,56,51,240,309,81.65010648,193,138,189,442,327,635,80.99875148,129,92,291,394,383,523,77.67731731,voc_emotic_ava/AVA__559545.jpg,646,462,0,0,462,646
78.82771916,patches/AVA__846340.jpg,320,148,21,230,169,550,76.1818797,240,111,196,235,307,475,74.28966426,160,74,179,443,253,603,64.91480776,voc_emotic_ava/AVA__846340.jpg,800,372,0,0,372,800
53.13718245,patches/AVA__395033.jpg,288,165,21,284,186,572,71.53653004,216,123,137,34,260,250,67.66257776,144,82,208,466,290,610,74.06051644,voc_emotic_ava/AVA__395033.jpg,720,413,0,0,413,720
73.05695791,patches/AVA__505324.jpg,169,280,299,191,579,360,54.25239388,127,210,124,8,334,135,77.95513145,84,140,111,213,251,297,70.97187797,voc_emotic_ava/AVA__505324.jpg,424,700,0,0,700,424
77.12749728,patches/AVA__830090.jpg,172,274,171,109,445,281,80.17348959,129,205,471,230,676,359,72.75987944,86,137,120,330,257,416,76.31240903,voc_emotic_ava/AVA__830090.jpg,432,686,0,0,686,432
82.05094606,patches/AVA__918695.jpg,320,147,138,226,285,546,73.7054935,240,110,148,537,258,777,70.11302737,160,73,37,271,110,431,81.05748909,voc_emotic_ava/AVA__918695.jpg,800,369,0,0,369,800
84.5030743,patches/AVA__761990.jpg,288,164,125,19,289,307,63.53528751,216,123,112,418,235,634,67.10739812,144,82,241,377,323,521,74.26361738,voc_emotic_ava/AVA__761990.jpg,720,410,0,0,410,720
75.27992326,patches/AVA__633363.jpg,288,163,73,16,236,304,49.71951631,216,122,251,199,373,415,72.01021869,144,81,223,433,304,577,69.54990138,voc_emotic_ava/AVA__633363.jpg,720,409,0,0,409,720
84.96247935,patches/AVA__824887.jpg,288,163,211,376,374,664,72.88680394,216,122,54,104,176,320,70.32871078,144,81,231,268,312,412,71.77154693,voc_emotic_ava/AVA__824887.jpg,720,408,0,0,408,720
82.72947352,patches/AVA__824164.jpg,288,162,243,85,405,373,76.69510883,216,122,259,371,381,587,57.04411887,144,81,154,323,235,467,69.92663872,voc_emotic_ava/AVA__824164.jpg,720,407,0,0,407,720
80.60031046,patches/EMOTIC__b1oe73jwg70wh368hv.jpg,272,172,236,312,408,584,75.22664143,204,129,58,231,187,435,63.55082684,136,86,212,139,298,275,76.40379909,voc_emotic_ava/EMOTIC__b1oe73jwg70wh368hv.jpg,680,430,0,0,430,680
71.26381366,patches/AVA__387151.jpg,288,162,169,212,331,500,71.67629726,216,121,246,30,367,246,70.51590412,144,81,132,531,213,675,67.43128021,voc_emotic_ava/AVA__387151.jpg,720,406,0,0,406,720
79.20774919,patches/AVA__879658.jpg,306,152,85,196,237,502,62.94139171,229,114,229,302,343,531,71.0602755,153,76,297,77,373,230,76.87662175,voc_emotic_ava/AVA__879658.jpg,765,382,0,0,382,765
71.9025894,patches/EMOTIC__897wr0zfqtwwn4i7gh.jpg,291,160,182,30,342,321,75.70263306,218,120,277,392,397,610,78.39374709,145,80,83,386,163,531,77.66923507,voc_emotic_ava/EMOTIC__897wr0zfqtwwn4i7gh.jpg,728,400,0,0,400,728
75.51503458,patches/AVA__886028.jpg,178,260,264,246,524,424,57.71867275,134,195,320,113,515,247,54.67741899,89,130,513,320,643,409,77.67392432,voc_emotic_ava/AVA__886028.jpg,447,650,0,0,650,447
54.96510543,patches/AVA__904940.jpg,176,264,314,25,578,201,72.15797618,132,198,45,307,243,439,68.61923014,88,132,146,235,278,323,70.22631266,voc_emotic_ava/AVA__904940.jpg,440,660,0,0,660,440
67.14673241,patches/AVA__947167.jpg,177,260,324,198,584,375,79.88924675,132,195,143,45,338,177,66.10634552,88,130,174,270,304,358,61.08616292,voc_emotic_ava/AVA__947167.jpg,443,652,0,0,652,443
80.03625832,patches/AVA__498367.jpg,288,160,134,94,294,382,74.83456711,216,120,40,224,160,440,66.90082001,144,80,281,158,361,302,70.45216172,voc_emotic_ava/AVA__498367.jpg,720,400,0,0,400,720
75.9945626,patches/AVA__772190.jpg,288,160,223,357,383,645,77.74073893,216,120,45,484,165,700,76.95152193,144,80,289,54,369,198,76.14625144,voc_emotic_ava/AVA__772190.jpg,720,400,0,0,400,720
75.397885,patches/AVA__825010.jpg,285,161,185,342,346,627,77.84862559,214,120,3,152,123,366,78.11848186,142,80,13,477,93,619,73.71175206,voc_emotic_ava/AVA__825010.jpg,714,403,0,0,403,714
74.64866203,patches/AVA__448443.jpg,260,175,106,158,281,418,75.00280474,195,131,169,370,300,565,61.72149203,130,87,315,120,402,250,74.35631526,voc_emotic_ava/AVA__448443.jpg,652,438,0,0,438,652
76.69720462,patches/AVA__682093.jpg,288,157,35,155,192,443,77.4111308,216,117,120,393,237,609,68.94646457,144,78,282,473,360,617,73.00980117,voc_emotic_ava/AVA__682093.jpg,720,393,0,0,393,720
74.12208368,patches/EMOTIC__8qas3ffovm7vqmwg0d.jpg,284,159,234,6,393,290,67.2082072,213,119,265,293,384,506,65.74676625,142,79,138,550,217,692,72.73857556,voc_emotic_ava/EMOTIC__8qas3ffovm7vqmwg0d.jpg,710,398,0,0,398,710
57.8423392,patches/EMOTIC__d1w7ax10ag28h7uilw.jpg,259,174,30,121,204,380,71.92716231,194,130,180,242,310,436,75.30351787,129,87,164,497,251,626,73.83441248,voc_emotic_ava/EMOTIC__d1w7ax10ag28h7uilw.jpg,649,435,0,0,435,649
72.69997444,patches/EMOTIC__e77f4zxn0r6wvqbg6w.jpg,260,173,39,59,212,319,72.35897278,195,130,129,381,259,576,74.24611661,130,86,194,285,280,415,70.96930361,voc_emotic_ava/EMOTIC__e77f4zxn0r6wvqbg6w.jpg,650,434,0,0,434,650
79.7496037,patches/AVA__932838.jpg,320,140,177,200,317,520,79.14521866,240,105,41,117,146,357,70.57829808,160,70,50,345,120,505,72.92050117,voc_emotic_ava/AVA__932838.jpg,800,352,0,0,352,800
69.56799842,patches/AVA__750601.jpg,260,173,26,135,199,395,72.56684941,195,129,200,198,329,393,52.16133047,130,86,9,439,95,569,77.9892823,voc_emotic_ava/AVA__750601.jpg,650,433,0,0,433,650
74.1471409,patches/AVA__704033.jpg,260,173,115,284,288,544,72.54582542,195,129,13,186,142,381,70.01256287,130,86,312,238,398,368,75.84552001,voc_emotic_ava/AVA__704033.jpg,650,433,0,0,433,650
82.32999757,patches/EMOTIC__daepkqdpa8ayy9ozff.jpg,260,173,254,264,427,524,76.93134786,195,129,238,87,367,282,65.24018295,130,86,194,14,280,144,82.08717081,voc_emotic_ava/EMOTIC__daepkqdpa8ayy9ozff.jpg,650,433,0,0,433,650
67.13565211,patches/AVA__742444.jpg,173,260,361,219,621,392,72.85160332,129,195,270,146,465,275,72.60733547,86,130,145,92,275,178,67.02060612,voc_emotic_ava/AVA__742444.jpg,433,650,0,0,650,433
65.41497009,patches/EMOTIC__1ar7pkm42vgrtftkoo.jpg,172,260,292,110,552,282,83.20900409,129,195,123,241,318,370,78.66945754,86,130,37,157,167,243,74.451069,voc_emotic_ava/EMOTIC__1ar7pkm42vgrtftkoo.jpg,432,650,0,0,650,432
80.09366799,patches/EMOTIC__4kkhdbni6p31uwb1j0.jpg,260,172,145,226,317,486,76.82352847,195,129,128,432,257,627,75.60251588,130,86,110,51,196,181,75.26345739,voc_emotic_ava/EMOTIC__4kkhdbni6p31uwb1j0.jpg,650,431,0,0,431,650
81.93415097,patches/EMOTIC__51vuozp5gpysufmq10.jpg,280,160,2,271,162,551,73.93103293,210,120,258,68,378,278,70.90867353,140,80,116,53,196,193,76.83694574,voc_emotic_ava/EMOTIC__51vuozp5gpysufmq10.jpg,700,400,0,0,400,700
72.72023061,patches/AVA__382960.jpg,288,154,139,194,293,482,75.79111332,216,116,50,301,166,517,88.17290905,144,77,115,21,192,165,71.66874842,voc_emotic_ava/AVA__382960.jpg,720,387,0,0,387,720
74.08554168,patches/AVA__802967.jpg,288,154,60,221,214,509,69.01434759,216,116,203,241,319,457,69.95947888,144,77,191,118,268,262,81.47462936,voc_emotic_ava/AVA__802967.jpg,720,387,0,0,387,720
81.9978629,patches/AVA__904667.jpg,172,258,317,17,575,189,83.43822694,129,193,364,291,557,420,75.4431492,86,129,131,199,260,285,76.67233735,voc_emotic_ava/AVA__904667.jpg,430,645,0,0,645,430
65.62930302,patches/AVA__851068.jpg,162,272,401,213,673,375,75.17176455,122,204,240,5,444,127,78.90472117,81,136,201,268,337,349,73.77222002,voc_emotic_ava/AVA__851068.jpg,407,680,0,0,680,407
72.29549754,patches/EMOTIC__3vpsc40z75xny1u67m.jpg,257,171,249,377,420,634,71.26347303,192,128,213,80,341,272,70.55012035,128,85,69,41,154,169,67.19357826,voc_emotic_ava/EMOTIC__3vpsc40z75xny1u67m.jpg,643,429,0,0,429,643
62.55566865,patches/EMOTIC__f4wmyzqwlo1tziudoq.jpg,280,157,98,347,255,627,63.25268337,210,117,184,43,301,253,50.83288084,140,78,263,344,341,484,62.112035,voc_emotic_ava/EMOTIC__f4wmyzqwlo1tziudoq.jpg,700,393,0,0,393,700
55.29072586,patches/EMOTIC__95dq62n4pituo0usen.jpg,312,139,88,103,227,415,73.58198945,234,104,65,385,169,619,69.62922973,156,69,14,321,83,477,71.71153441,voc_emotic_ava/EMOTIC__95dq62n4pituo0usen.jpg,780,349,0,0,349,780
82.56920993,patches/AVA__852930.jpg,304,143,80,133,223,437,85.64153336,228,107,222,109,329,337,76.28098193,152,71,151,594,222,746,83.77324254,voc_emotic_ava/AVA__852930.jpg,760,358,0,0,358,760
70.81804122,patches/EMOTIC__sun_aaqdsbrpbdabfsbf.jpg,277,156,15,248,171,525,53.94704234,208,117,166,129,283,337,69.89371882,138,78,68,112,146,250,60.67412246,voc_emotic_ava/EMOTIC__sun_aaqdsbrpbdabfsbf.jpg,694,390,0,0,390,694
86.31718886,patches/AVA__838560.jpg,320,134,90,139,224,459,83.42196814,240,101,26,398,127,638,68.28159645,160,67,197,453,264,613,79.63642386,voc_emotic_ava/AVA__838560.jpg,800,337,0,0,337,800
74.78295582,patches/AVA__771902.jpg,288,148,125,186,273,474,78.66732403,216,111,238,50,349,266,63.99385316,144,74,7,189,81,333,67.36147643,voc_emotic_ava/AVA__771902.jpg,720,370,0,0,370,720
47.99281132,patches/AVA__563435.jpg,288,148,219,40,367,328,64.61717202,216,111,42,387,153,603,51.69435341,144,74,154,162,228,306,70.66609305,voc_emotic_ava/AVA__563435.jpg,720,370,0,0,370,720
78.70372499,patches/AVA__674558.jpg,288,147,161,87,308,375,87.3638446,216,110,80,489,190,705,79.43059728,144,73,2,108,75,252,78.93447296,voc_emotic_ava/AVA__674558.jpg,720,369,0,0,369,720
77.16937672,patches/AVA__910753.jpg,320,132,55,145,187,465,69.31717273,240,99,147,407,246,647,71.19408284,160,66,190,107,256,267,73.67583802,voc_emotic_ava/AVA__910753.jpg,800,332,0,0,332,800
61.05400058,patches/AVA__402638.jpg,288,147,3,15,150,303,69.77335555,216,110,203,319,313,535,64.83045695,144,73,192,196,265,340,60.35486637,voc_emotic_ava/AVA__402638.jpg,720,368,0,0,368,720
67.11822947,patches/AVA__817545.jpg,288,146,18,431,164,719,63.52552179,216,110,60,242,170,458,62.84190821,144,73,171,448,244,592,63.68405106,voc_emotic_ava/AVA__817545.jpg,720,367,0,0,367,720
70.81685586,patches/AVA__755271.jpg,261,161,208,346,369,607,73.27603991,196,120,77,311,197,507,71.26662608,130,80,11,186,91,316,70.91002808,voc_emotic_ava/AVA__755271.jpg,654,403,0,0,403,654
80.66587602,patches/AVA__921302.jpg,320,131,174,35,305,355,81.47907219,240,98,111,553,209,793,74.84411234,160,65,209,505,274,665,73.06946581,voc_emotic_ava/AVA__921302.jpg,800,329,0,0,329,800
85.65285679,patches/EMOTIC__dl5k4ukmcum9z54826.jpg,257,163,143,211,306,468,75.60920608,193,122,252,106,374,299,74.984913,128,81,87,104,168,232,76.74942166,voc_emotic_ava/EMOTIC__dl5k4ukmcum9z54826.jpg,644,408,0,0,408,644
55.94548984,patches/AVA__568283.jpg,272,154,203,227,357,499,68.71005495,204,115,37,462,152,666,52.69637393,136,77,23,284,100,420,70.5455563,voc_emotic_ava/AVA__568283.jpg,680,386,0,0,386,680
78.92431626,patches/AVA__933975.jpg,320,131,59,417,190,737,73.88803129,240,98,162,282,260,522,71.63008078,160,65,259,133,324,293,70.53647921,voc_emotic_ava/AVA__933975.jpg,800,328,0,0,328,800
64.58232827,patches/AVA__504050.jpg,288,145,91,366,236,654,71.40037868,216,109,144,204,253,420,62.57416711,144,72,6,385,78,529,64.06649469,voc_emotic_ava/AVA__504050.jpg,720,364,0,0,364,720
72.11900873,patches/AVA__632744.jpg,288,145,213,181,358,469,73.17731047,216,108,79,447,187,663,74.55917859,144,72,179,39,251,183,71.67336694,voc_emotic_ava/AVA__632744.jpg,720,363,0,0,363,720
80.57779835,patches/AVA__753019.jpg,288,144,186,110,330,398,75.22747973,216,108,15,89,123,305,50.89163687,144,72,144,487,216,631,79.38550395,voc_emotic_ava/AVA__753019.jpg,720,362,0,0,362,720
79.75599952,patches/EMOTIC__e02q5uskf5q3v53vwy.jpg,258,161,65,209,226,467,68.53248088,193,120,71,8,191,201,73.44182353,129,80,27,462,107,591,74.9510574,voc_emotic_ava/EMOTIC__e02q5uskf5q3v53vwy.jpg,646,403,0,0,403,646
84.44377032,patches/EMOTIC__gxlipu9pvronlao3ix.jpg,258,161,235,170,396,428,63.2576704,193,120,120,86,240,279,83.68696058,129,80,169,262,249,391,78.04837326,voc_emotic_ava/EMOTIC__gxlipu9pvronlao3ix.jpg,646,403,0,0,403,646
71.01002093,patches/AVA__504841.jpg,288,144,133,78,277,366,64.75823675,216,108,225,428,333,644,68.38578549,144,72,99,327,171,471,73.69002694,voc_emotic_ava/AVA__504841.jpg,720,361,0,0,361,720
71.4892975,patches/AVA__936896.jpg,272,152,92,364,244,636,70.23640321,204,114,76,72,190,276,65.06166495,136,76,287,298,363,434,69.70000463,voc_emotic_ava/AVA__936896.jpg,680,382,0,0,382,680
66.87898151,patches/EMOTIC__gi5wrkave87z9bp2r1.jpg,258,160,39,54,199,312,72.88378849,193,120,170,220,290,413,72.58056732,129,80,164,474,244,603,74.61227429,voc_emotic_ava/EMOTIC__gi5wrkave87z9bp2r1.jpg,646,402,0,0,402,646
75.9740147,patches/AVA__633314.jpg,288,144,23,9,167,297,63.28888848,216,108,223,483,331,699,65.73587301,144,72,191,55,263,199,77.02188969,voc_emotic_ava/AVA__633314.jpg,720,360,0,0,360,720
68.86609667,patches/EMOTIC__fkl4w4mjuvmk0vhorj.jpg,259,160,36,388,196,647,65.34234023,194,120,146,223,266,417,69.5769139,129,80,300,334,380,463,72.91101783,voc_emotic_ava/EMOTIC__fkl4w4mjuvmk0vhorj.jpg,648,400,0,0,400,648
80.25942606,patches/AVA__742733.jpg,288,144,72,117,216,405,66.1559196,216,108,248,464,356,680,49.47000025,144,72,247,94,319,238,68.78839142,voc_emotic_ava/AVA__742733.jpg,720,360,0,0,360,720
57.18390229,patches/AVA__681160.jpg,288,143,59,430,202,718,70.05480194,216,107,164,148,271,364,66.51500253,144,71,242,526,313,670,70.69404895,voc_emotic_ava/AVA__681160.jpg,720,359,0,0,359,720
63.48083956,patches/AVA__943483.jpg,287,143,92,417,235,704,84.39615702,215,107,159,98,266,313,71.52329716,143,71,18,82,89,225,73.83575969,voc_emotic_ava/AVA__943483.jpg,718,359,0,0,359,718
76.69769528,patches/EMOTIC__ffzq64qi2htsx5wjqv.jpg,292,140,138,413,278,705,57.10771899,219,105,39,39,144,258,54.97342686,146,70,221,91,291,237,71.08595508,voc_emotic_ava/EMOTIC__ffzq64qi2htsx5wjqv.jpg,730,350,0,0,350,730
81.4576196,patches/AVA__661833.jpg,288,141,51,102,192,390,78.64556182,216,106,194,418,300,634,65.07800465,144,70,196,235,266,379,69.77681319,voc_emotic_ava/AVA__661833.jpg,720,354,0,0,354,720
77.63036281,patches/AVA__505240.jpg,288,140,165,399,305,687,76.11283084,216,105,24,391,129,607,76.40170377,144,70,212,242,282,386,75.25769166,voc_emotic_ava/AVA__505240.jpg,720,352,0,0,352,720
74.26231691,patches/EMOTIC__egmcseixunts7or4pp.jpg,267,150,142,263,292,530,71.22090233,200,113,44,259,157,459,70.00973542,133,75,5,62,80,195,67.45520514,voc_emotic_ava/EMOTIC__egmcseixunts7or4pp.jpg,669,377,0,0,377,669
65.33081209,patches/AVA__788220.jpg,154,260,230,136,490,290,64.18847445,115,195,253,8,448,123,68.01355231,77,130,431,79,561,156,70.53191698,voc_emotic_ava/AVA__788220.jpg,386,650,0,0,650,386
73.46422494,patches/AVA__828772.jpg,288,138,5,61,143,349,76.27878388,216,104,74,269,178,485,74.48648298,144,69,148,193,217,337,65.90648452,voc_emotic_ava/AVA__828772.jpg,720,347,0,0,347,720
68.64886657,patches/AVA__757819.jpg,288,138,124,274,262,562,70.52288188,216,104,227,465,331,681,52.70346765,144,69,159,91,228,235,74.68467814,voc_emotic_ava/AVA__757819.jpg,720,347,0,0,347,720
69.51798753,patches/EMOTIC__8xv9xuli8dc6ybe3je.jpg,268,148,108,41,256,309,52.91947484,201,111,111,459,222,660,73.45075645,134,74,264,250,338,384,71.48717359,voc_emotic_ava/EMOTIC__8xv9xuli8dc6ybe3je.jpg,672,370,0,0,370,672
78.12313828,patches/EMOTIC__6iwd9k4ja6mq1jqbvn.jpg,280,140,70,403,210,683,75.96942582,210,105,32,195,137,405,73.91466082,140,70,239,98,309,238,73.91528601,voc_emotic_ava/EMOTIC__6iwd9k4ja6mq1jqbvn.jpg,700,350,0,0,350,700
66.36793488,patches/EMOTIC__dy8olkqctm5v5mjnys.jpg,264,148,29,337,177,601,54.47437783,198,111,46,131,157,329,53.63393814,132,74,71,20,145,152,49.03638999,voc_emotic_ava/EMOTIC__dy8olkqctm5v5mjnys.jpg,660,370,0,0,370,660
79.05054099,patches/EMOTIC__ddkop7rtr67verjpfd.jpg,260,150,186,232,336,492,74.27800962,195,112,68,330,180,525,68.05009152,130,75,128,72,203,202,75.5289931,voc_emotic_ava/EMOTIC__ddkop7rtr67verjpfd.jpg,650,375,0,0,375,650
61.92337277,patches/EMOTIC__f6o53wmduiqj32huba.jpg,263,148,32,44,180,307,76.35735861,197,111,1,260,112,457,66.87219277,131,74,37,479,111,610,63.62923273,voc_emotic_ava/EMOTIC__f6o53wmduiqj32huba.jpg,658,370,0,0,370,658
68.4708858,patches/EMOTIC__fsp5i7ydq0z8hf0txz.jpg,261,148,0,67,148,328,41.45416291,196,111,260,247,371,443,57.85563915,130,74,170,333,244,463,45.53586449,voc_emotic_ava/EMOTIC__fsp5i7ydq0z8hf0txz.jpg,654,371,0,0,371,654
63.42756467,patches/EMOTIC__c1rd9svovx7ebskqec.jpg,260,146,63,355,209,615,76.00340391,195,109,227,168,336,363,71.70519184,130,73,289,387,362,517,73.86716777,voc_emotic_ava/EMOTIC__c1rd9svovx7ebskqec.jpg,650,366,0,0,366,650
76.39048517,patches/AVA__933977.jpg,320,118,50,86,168,406,69.82307632,240,88,153,374,241,614,80.67754377,160,59,76,518,135,678,67.55029353,voc_emotic_ava/AVA__933977.jpg,800,295,0,0,295,800
71.98759264,patches/EMOTIC__dso8mtseq01vh8m6a0.jpg,257,144,59,304,203,561,78.64397512,193,108,206,273,314,466,75.24052292,128,72,62,118,134,246,68.46769525,voc_emotic_ava/EMOTIC__dso8mtseq01vh8m6a0.jpg,644,362,0,0,362,644
68.58150129,patches/EMOTIC__h3isk72ncauwotdlqc.jpg,257,144,193,127,337,384,38.61414697,193,108,36,178,144,371,46.26736754,128,72,181,16,253,144,69.42845165,voc_emotic_ava/EMOTIC__h3isk72ncauwotdlqc.jpg,644,362,0,0,362,644
65.43334126,patches/EMOTIC__boqou7w5q728xl9yjn.jpg,257,144,80,28,224,285,77.25866471,192,108,46,389,154,581,74.47982487,128,72,137,440,209,568,72.32227644,voc_emotic_ava/EMOTIC__boqou7w5q728xl9yjn.jpg,643,362,0,0,362,643
82.65303624,patches/AVA__678212.jpg,288,124,51,284,175,572,80.28563875,216,93,200,278,293,494,65.94534634,144,62,121,54,183,198,72.16859541,voc_emotic_ava/AVA__678212.jpg,720,311,0,0,311,720
69.51736875,patches/EMOTIC__h7upbwzpiwl2hsb587.jpg,257,138,189,178,327,435,74.05895102,193,104,78,305,182,498,79.2162511,128,69,225,12,294,140,72.02043997,voc_emotic_ava/EMOTIC__h7upbwzpiwl2hsb587.jpg,644,347,0,0,347,644
82.77986281,patches/EMOTIC__53xqrz1gj9tyoenycq.jpg,260,136,107,385,243,645,72.85971002,195,102,209,299,311,494,69.025989,130,68,273,166,341,296,75.35429943,voc_emotic_ava/EMOTIC__53xqrz1gj9tyoenycq.jpg,652,342,0,0,342,652
76.75015224,patches/EMOTIC__5ge7zew0lvotgbpuss.jpg,260,136,168,60,304,320,64.50847176,195,102,187,377,289,572,65.31098562,130,68,131,457,199,587,73.28743977,voc_emotic_ava/EMOTIC__5ge7zew0lvotgbpuss.jpg,652,342,0,0,342,652
76.61748023,patches/EMOTIC__biy15txnp3w1msek72.jpg,260,136,22,69,158,329,64.80965878,195,102,228,396,330,591,62.36725231,130,68,152,138,220,268,79.04046902,voc_emotic_ava/EMOTIC__biy15txnp3w1msek72.jpg,650,340,0,0,340,650
71.53169873,patches/EMOTIC__cj08zcz0j7l2t8ndyu.jpg,264,132,141,12,273,276,70.85289519,198,99,5,220,104,418,51.97182509,132,66,153,481,219,613,72.78909531,voc_emotic_ava/EMOTIC__cj08zcz0j7l2t8ndyu.jpg,660,330,0,0,330,660
70.69090174,patches/EMOTIC__85b23nlue2d2v3pjwa.jpg,280,122,30,401,152,681,76.856244,210,91,12,4,103,214,71.24326084,140,61,239,51,300,191,78.55188548,voc_emotic_ava/EMOTIC__85b23nlue2d2v3pjwa.jpg,700,305,0,0,305,700
64.68035979,patches/EMOTIC__fmebknox2231w8e7t5.jpg,308,108,154,17,262,325,53.83511077,231,81,71,491,152,722,70.97400986,154,54,118,274,172,428,68.83316612,voc_emotic_ava/EMOTIC__fmebknox2231w8e7t5.jpg,770,270,0,0,270,770
71.69841095,patches/AVA__660970.jpg,288,111,76,136,187,424,75.30434721,216,83,126,380,209,596,65.08781313,144,55,88,536,143,680,76.10488345,voc_emotic_ava/AVA__660970.jpg,720,278,0,0,278,720
71.55497474,patches/AVA__690597.jpg,288,109,13,267,122,555,75.53061476,216,82,137,258,219,474,72.19688092,144,54,168,542,222,686,67.20681542,voc_emotic_ava/AVA__690597.jpg,720,274,0,0,274,720
80.31010554,patches/AVA__450524.jpg,288,91,93,61,184,349,65.75457584,216,68,21,351,89,567,59.96519395,144,45,138,572,183,716,59.4806206,voc_emotic_ava/AVA__450524.jpg,720,228,0,0,228,720
73.80494804,patches/AVA__890828.jpg,320,76,116,356,192,676,77.55460874,240,57,104,130,161,370,68.46953966,160,38,3,175,41,335,81.22405104,voc_emotic_ava/AVA__890828.jpg,800,192,0,0,192,800
78.11673757,patches/AVA__954182.jpg,320,76,10,304,86,624,77.17858322,240,57,90,62,147,302,72.95235486,160,38,99,640,137,800,65.67657732,voc_emotic_ava/AVA__954182.jpg,800,192,0,0,192,800
75.29060006,patches/AVA__871768.jpg,320,75,4,102,79,422,71.9848901,240,56,69,325,125,565,64.64238,160,37,144,275,181,435,71.0798448,voc_emotic_ava/AVA__871768.jpg,800,188,0,0,188,800
